Reward
-35.155830171802876
-31.022941686409126
-29.959387238675077
-25.39591091581746
-22.01288368567142
-22.556177725115
-26.208084739096392
-27.96719677649765
-26.709085986821318
-34.04977309191855
-39.97635436095822
-31.19387249269517
-26.874306832656956
-27.559556855744002
-25.47630372105499
-31.83994403789658
-29.496007376028846
-25.563352467346853
-23.156323224148498
-38.20428622594116
-35.155830171802876
-29.958039676716723
-29.915260899908194
-27.465552904448977
-24.04023025952942
-21.94453487356654
-23.34088637064533
-33.305517817566546
-32.13947448731012
-27.138599010517474
-37.58956107433555
-31.23379016561994
-28.67669219665975
-26.348570573030123
-25.114110405217538
-21.547167074924264
-30.41273758252159
-29.13078155576973
-27.878332295997346
-24.023154438027813
-35.155830171802876
-29.827392199945233
-26.32881066050578
-24.40151689113015
-30.41672382978687
-25.761216774979907
-29.84208164575939
-28.328168685757994
-27.437596705591012
-24.49799671353805
-38.93541174882719
-30.015161230874153
-30.9812562008491
-26.443376165555478
-22.91911216010906
-29.124196009835728
-28.484254810281612
-27.187619546857604
-27.346929648465238
-26.791491095818984
-35.469627189714565
-29.763810180655682
-31.587277168357886
-31.454432607871368
-31.60059173787899
-27.32575221556791
-30.88839898383221
-28.087175932690926
-32.484953921719466
-28.850196533706367
-37.85583697147445
-29.920648390747456
-27.049585694523792
-29.718495735299292
-28.010574071641052
-25.907150998099784
-24.73063352577895
-21.899876765288383
-25.744773042853296
-24.070043677129533
-35.155830171802876
-31.69663971192128
-29.97616735259894
-27.276041502736046
-27.61609155267392
-27.580932423277297
-26.789581929952547
-25.157250696039064
-27.192518886354833
-32.68049963740466
-35.15583017180287
-32.42790477172378
-30.860668062585017
-26.331113114266575
-30.75331139694542
-27.234967547480814
-32.11974737944409
-31.046511393502705
-33.34305041632528
-33.33664767165476
-37.96625820623083
-31.786399809585316
-30.47996260443618
-31.898908518691563
-32.31390557902991
-32.26857675156313
-30.39438138994884
-35.64997120339447
-33.67092674709369
-31.608826997137868
-35.155830171802876
-31.920018688483292
-28.941374623376916
-32.55122417345867
-29.98417414806115
-25.155856409358925
-26.298774480823525
-27.19449244991857
-29.984400589812118
-28.020514625509364
-35.155830171802876
-30.518616356498896
-26.115501075118345
-25.76674210582672
-32.56369164106587
-28.70140786349095
-27.102886757265196
-26.525873368113672
-26.23059272512989
-22.614656473062272
-35.155830171802876
-30.15434252483331
-27.49109253069286
-25.87738335889159
-27.67907031933784
-31.471045823675794
-29.457898447933168
-29.08809857556602
-26.49417178585074
-28.3945216644375
-35.155830171802876
-30.873760543786442
-31.488494073225198
-35.570062170254836
-33.612363186203766
-30.507562946173625
-25.91464074307514
-25.49206992140097
-23.248710275406545
-24.51330194024097
-40.08948808624527
-32.09727171501343
-27.99607858543808
-33.02419600573779
-29.58795601398498
-31.565858385143486
-29.672737595041802
-26.574823095465177
-30.637740000990306
-32.648653200769395
-35.155830171802876
-30.048033477983225
-29.760260884223925
-27.684831716120076
-30.819520446230747
-30.792727613231563
-26.63658300145136
-25.18820688660443
-24.757925288620655
-21.976787898356736
-35.15583017180287
-31.93956910129026
-29.788050343347464
-26.421830605474447
-35.76656498964633
-30.472381748396785
-31.934076820798843
-28.457475212809406
-30.940828322059886
-28.31014908186314
-35.155830171802876
-30.89882023892907
-29.38696660943984
-26.821941051256978
-27.0473917792402
-30.189192401122696
-26.449919370853713
-31.258731008023567
-31.238553428209073
-33.70101216526949
-40.28057610443764
-34.48381686482668
-27.14791403997725
-23.03109112836364
-30.574098414139442
-27.680839934600755
-26.644319073077575
-28.99120717909701
-33.83522409451255
-29.542085186832118
-40.26962189221004
-35.38802365044447
-27.423136876269872
-25.623505506587875
-29.44032282039303
-31.48475008173291
-30.17995287025998
-32.396767944981356
-28.224201320004084
-27.002542498183537
-37.17692509867044
-32.46537423026479
-27.364183006453707
-27.756629504564074
-27.351092946100835
-26.782928935639383
-30.780369699636026
-28.534428256758424
-26.24799515754341
-30.526476908976584
-37.69250597184529
-31.967874345194666
-27.165670800545747
-32.23924895344316
-27.55092693764398
-30.83707101391301
-27.75690768585412
-30.3723751005203
-29.119701193961266
-30.441501094825824
-35.76839790434913
-29.99967677556495
-28.52704656418841
-27.1305629756463
-31.500605584992712
-28.21820563822505
-31.596167327727244
-31.476210425075248
-27.54614380079945
-31.818584756036618
-40.022395993879826
-30.59040568056448
-27.618098479465267
-25.985636353215728
-23.96007386362457
-30.751467000249654
-28.60993252567811
-30.74239823365083
-31.491261906004773
-34.62425483513226
-40.00574541678758
-31.05103055980506
-30.102671563466664
-31.218070667018658
-27.651734583329294
-29.53086407561505
-32.195263439623
-30.83811629718645
-36.939562831620414
-32.27272659034568
-35.39552644805047
-31.217185528499776
-26.894590458846256
-29.70283681445546
-27.702453285698518
-26.100371899157366
-24.630956634723585
-32.399975712307025
-34.38553472499202
-30.49077409661708
-35.155830171802876
-31.607651333804704
-32.169403872730456
-29.985654143877717
-25.293876424443265
-21.775845824945357
-20.952685988587003
-18.64177699396384
-24.485199003189614
-21.46560852659162
-35.360995492772176
-30.45137189030752
-31.87102372171893
-29.232868521550984
-27.818587624146645
-31.506839623689267
-32.778716284699485
-28.474624641734035
-27.99259176773272
-25.71922930396424
-40.31797031893865
-31.74290195657872
-30.231469825270057
-31.39331131527928
-27.613536388494275
-30.217477147596387
-32.326754024717395
-27.855267332947967
-29.62588383833761
-25.886558183980288
-35.155830171802876
-32.10857397840465
-30.281129702660294
-28.68179582984336
-32.42159507663496
-27.620711905774705
-25.58883894331637
-29.14984539576653
-27.31362166322109
-30.697180739944194
-35.15583017180287
-30.870100956054696
-28.931500577084865
-32.00640835505082
-34.68174604753172
-33.11425551996316
-33.1069628716328
-28.389187451752555
-30.76260623587074
-26.364188248285203
-39.369165793770684
-33.378455699161044
-29.171278355230925
-24.41003746476614
-30.46055194274542
-29.90535435788065
-29.424900890889223
-28.802405086818403
-33.59758462986705
-28.660113329622302
-39.864089780922015
-30.210777237458686
-31.703309086868973
-29.781624312367434
-29.473776966285765
-28.35947094967967
-26.10277389530294
-31.341841537405607
-32.95766799019623
-34.36554155486665
-40.230347747735145
-34.3410539331967
-30.995205990080258
-26.65325182483161
-28.70003652463788
-31.04856182167788
-28.22011107417829
-29.836355974895028
-29.799954313158487
-25.389923675687875
-36.05893626326454
-30.29177695868069
-27.69162560663252
-26.856232176575233
-31.82981118832091
-28.723516479388344
-30.405926914619773
-26.341768119124183
-26.881647880292178
-26.167259552235024
-35.155830171802876
-30.96266919084132
-28.624178376921037
-24.19995459128857
-31.270861645003045
-28.218174668359076
-24.09580783416667
-21.474638179528416
-27.918621543916924
-26.8811707795303
-35.155830171802876
-30.428664081634995
-31.194883249973593
-34.20877208080679
-30.65591021101524
-28.385329469842496
-31.16302052208589
-36.791998331515146
-31.821074960277134
-31.668219403982647
-35.155830171802876
-31.23473892063752
-27.57271740404206
-28.452087461271976
-27.250712136440942
-25.065391960436067
-33.14904806053282
-32.508846265940974
-29.179510620807903
-29.579185111462202
-35.155830171802876
-30.14195166429527
-31.089985995737393
-29.243741268785442
-24.97090517671528
-30.32776944618965
-30.289312982925644
-31.19341464277384
-30.31338608331503
-33.81693053752702
-37.344343376016525
-33.24181061199229
-26.348706832849544
-29.254830969275524
-25.989930806877663
-25.45979038502493
-27.943284478084493
-25.23071640553021
-23.87825964745247
-21.676055092820967
-38.23600535739654
-30.44106276159542
-27.813822707300503
-27.020500288903367
-28.529250875524745
-29.22885889256805
-34.022384218520166
-32.39459049496683
-29.635983536558648
-36.14030687960313
-35.155830171802876
-30.39999456152106
-30.05213057362055
-25.480807512920528
-27.488250805799915
-25.259422927171887
-34.23776851510652
-34.18835164899854
-30.50102103017818
-31.039916051778313
-36.64331074659966
-33.31208714475325
-29.351116910675273
-32.368738280556755
-31.014756087917583
-27.223358909054852
-25.133915079805206
-22.403846598418504
-24.135070171355757
-37.85993709648149
-35.155830171802876
-32.044143895201174
-27.60588499038291
-25.168014442919564
-31.211450128576736
-33.45604764073754
-33.30465765693654
-28.79875579178033
-31.323029233025267
-34.46147120703735
-36.12543050073602
-29.776033972168232
-27.219627078804244
-29.996305386584346
-25.78903615824444
-30.637901127806984
-27.134467707721257
-24.29032593750656
-35.96545139690579
-35.10915869475218
-35.15583017180287
-30.15941664201129
-25.62886137693242
-22.400983035257084
-27.063433634561747
-29.36804160422529
-31.568174183712568
-29.81683007802314
-28.398252512806156
-32.71630866175384
-35.155830171802876
-29.923639203551687
-28.530514056184515
-33.10477194911869
-34.16173251426788
-29.991432255852963
-31.757028098243396
-33.739475660598195
-31.024385500658113
-27.018384864935776
-37.36352563034872
-30.791565715065197
-27.899103736961834
-31.91677137122209
-27.99707203847165
-33.99184997740227
-30.120110984811568
-28.052310616215447
-24.252798150032994
-27.917328658455766
-35.69158462787117
-30.19452993593036
-26.476393015050117
-26.704608154494274
-34.738736063102266
-29.93997275077902
-36.548913668403685
-33.563224671482885
-28.907948860717852
-27.259390134289667
