action: flow[$t1],action: flow[$t2],action: flow[$t3],action: flow[$t4],states: rlevel[$t1],states: rlevel[$t2],states: rlevel[$t3],states: rlevel[$t4]
42.979200431618686,2.7889573978660454,0.8299882218141885,0.0,75.0,50.0,50.0,50.0
9.052054155062592,7.811917913852235,27.0475969420045,11.949869828054263,34.21093554565348,98.9407638019857,70.7094899442849,79.58050899004724
3.375620964630661,51.34174314803357,12.219295128943282,39.24074767407684,29.573801479150795,105.29424458947247,68.9759776046325,121.51504864159794
3.7552521521887003,26.297800606902147,4.822712288537693,2.2580571446513495,30.760939389950693,61.79492099600245,125.72146872939474,117.12879849790134
1.6602509643687346,4.176637510683369,17.43877235319969,6.747076157985577,31.532644151607318,47.344281328816265,159.31441559169616,142.84954976970567
9.349992718501177,8.073063391717426,45.84313028613477,41.724734549673144,34.375321746854915,53.70757293472247,153.4153544369351,173.37291402477334
8.129629371596423,20.376291779421404,4.188397795755389,72.98857195127107,29.43461400944937,63.54294382956088,123.92326076348883,192.53740414635095
5.566760561891771,16.942308870383734,46.816890411864,59.79730806801155,25.871848937775432,59.27878688117018,152.45230543860174,135.31621135148876
2.725573807628899,6.072384405496218,80.35481645069424,31.75619585489292,24.970449426976224,56.14728010628978,131.00183363761008,143.2084690641474
2.26399385350436,20.783144252849077,6.273716992361735,111.63178331659614,26.933146344491462,61.225039043206124,68.16318336724069,211.58777137684854
3.087515031495425,6.042064127491267,3.618757344631484,0.0,75.0,50.0,50.0,50.0
34.66989355727654,1.6990558556191278,25.07295782080453,15.162315154997005,74.10262094577674,55.79597167223721,71.17382755109283,82.36927811286454
5.022393727696258,51.70606095607412,12.443528177230291,7.038561587994451,41.68964025485134,97.21102168365965,65.26920663482784,118.89140649970946
15.555259311154918,3.2633264586766635,54.710295610538864,51.189855324188166,40.79848518088606,55.80980141922616,122.40321677342683,147.2454282998914
3.8461481930517483,41.505635030444594,2.205041408760332,22.953079959122736,29.411198538557414,76.54517564253639,83.48366626892322,169.96439099254297
7.328854193025754,14.214432103982187,64.59204252724922,103.93038454690014,30.132603397836384,45.95896682690176,139.3035450671063,164.84184749760567
4.097433795770557,17.877159690241346,17.410216264318308,25.071495724686645,27.349831009292664,48.01764735256241,99.25454642252281,141.97853483665634
2.0180550412623526,9.02060576389853,36.17848132268501,5.928710822571697,27.878437210645785,43.08551719729445,114.8038409863978,154.27213084537354
2.7724500252327586,11.841085608315673,51.29480663231197,13.950364401966034,30.471828874367286,45.15507272518401,101.07047080023857,202.6691029267416
3.068465664335479,0.8204283753929247,6.815864271525859,180.18867781393956,32.23518451601912,45.06729326386204,76.51782122935231,249.61646874928158
30.573157429466004,13.256380873412375,0.19533276524417054,0.0,75.0,50.0,50.0,50.0
18.941439631643192,37.238087882855986,22.8576111085533,2.5897671467967918,46.616978547806156,76.06729732428667,81.81156887640125,78.94585353347722
3.2386865440287167,21.23262158448623,36.56052462950316,47.68649363111639,31.589361074702516,64.8803214466067,112.84921116945631,126.10070954206728
8.533964102088396,15.865547993120005,11.221455343382454,22.935868613905864,32.85181364164027,54.78313466661228,111.1673421915583,137.04510050110724
3.5549492759261727,19.009859427743066,38.89190752938731,9.772118444537533,28.778325768088365,55.95170533704483,129.64506504138112,145.96937480899592
2.1365728921791725,16.43624413492318,13.912572032815895,16.26232598739319,29.809337631291985,48.93231511021836,121.38261768359465,194.47342697960082
1.9899590131274314,8.214140814350772,83.3353587931416,47.67625918563147,32.228532231509135,43.43593583048393,136.55749678321823,203.33268641912335
13.41517287667744,3.7682755761727003,4.3029709842240464,129.82374094647363,34.719323973196495,46.268710370827066,72.14125566915273,248.46184628037042
1.170208093139625,7.558734271666807,23.632080158940067,39.48135518822958,25.701556449392996,64.84559276718593,89.00663640332289,122.39103620443272
4.4543246621887675,22.75941016607981,36.23954061302175,0.10522536216793299,29.201099715819222,66.35606429590649,88.97742786258566,129.07066325258745
15.021481464608785,12.261773239575396,3.663317929435017,0.0,75.0,50.0,50.0,50.0
15.43422243801738,18.75749505889792,2.3493412121226247,15.577184814956626,62.16865451266338,61.51022899326643,77.34897607837341,82.41383869766807
27.89379920284583,14.535998592411032,4.0594215527736734,25.289830604698363,49.803205846620735,66.29639492257098,110.76867987134885,95.79381770326005
5.270385864039013,49.290498087783405,13.049797161551677,23.478510909009884,25.669739605756423,87.45819901343106,135.12294445896848,99.98219495524656
0.550918548431244,3.4906937180222952,109.40512472947026,28.04466334629963,25.069922157814524,49.618492157289836,182.2622951621641,114.56358479243032
1.765806873240034,3.880011916165471,25.867663073909746,0.31431186099933267,29.204786027641347,55.44822466172581,79.82990091655839,219.37598434189908
8.279843973108706,24.998811415809826,1.800092851454854,117.26545139628438,32.01258001099918,61.79755440404852,74.65922653594438,251.0589682997653
0.2534415679107632,8.699632217103295,8.8832514659627,34.75743605471864,28.220420912747436,53.17033322125486,115.07353344843312,134.4083365923487
8.383986888575432,17.99277351331741,49.65932449167023,33.95369689461461,32.56883611785804,53.31126634431204,128.2835578439297,129.52852413620292
6.254152945182676,1.9465164419157126,59.0324064000609,4.94858594737189,28.65457844345681,52.282107187799696,108.41122119846662,166.8687702103034
44.13968387006685,5.675667947478535,7.158252191829913,0.0,75.0,50.0,50.0,50.0
0.37538905985016097,19.321641443727056,7.3938531298552785,0.5052568873695051,33.05045210720532,97.21453669082135,67.26793652388166,85.90877296006296
1.4006736097797508,11.252292921436675,29.725028532666457,14.070907773156316,37.12899628218248,83.55039064291441,96.93494309310357,119.11174798234723
2.1846010210379885,19.292025582156217,26.022033413197406,24.94061790816617,40.039199848541976,80.21249683606013,93.77137009773364,157.68882661260648
4.554936251505423,32.179890942488726,56.3587321297387,101.09231100511184,42.05324421890851,69.89149858519576,102.6512676826344,176.38882060195982
0.31477849047666306,9.753103062267938,24.435760912789608,1.3542685978367266,41.61433089511276,49.82612107818177,93.2130331038391,146.17927662499767
5.820570715319626,4.777007718204991,48.42894265137382,81.45766401354977,45.43392602897735,49.14698889787102,94.19232883214951,188.61458849120302
9.485289378326842,27.889764258939287,8.381043962837023,30.959613242464002,43.58158955093364,58.983324767845986,66.11085323765404,167.90341598597246
12.330287717757082,3.3810845478992237,31.789199652375796,35.88295288823501,38.146923299266476,48.84034205044545,103.43584260609217,161.29520518661596
5.638002871573289,8.24272326039495,8.62656369338389,13.814094436313264,30.089218154354405,66.59732982736966,89.68777463511519,174.2497103272506
8.29222809215057,11.034347963483668,4.89497925765197,0.0,75.0,50.0,50.0,50.0
38.2047257053183,19.8649928664345,26.53022759381018,3.3582423098321095,68.8979078851216,56.00840089689994,74.88988947406474,83.64550002588501
1.1489134537603691,11.037986593721058,14.017558853776885,58.1781423126495,33.321598650842596,82.78048315488094,85.42302750752336,133.3232783780116
7.245170554158885,9.791382777235704,45.41274810917024,4.85298804262065,36.61762345891722,79.46901766549816,98.79934411245628,110.30145275463737
0.6173850878211168,12.978779496688299,12.991841846439627,7.424182702510441,33.7021775441292,83.76846561931337,78.30525997258258,174.79033520842012
12.61138606080484,23.79015765936086,49.3027124386468,99.86540461536589,37.51698157502543,77.90259522787707,95.22947295215124,195.15982864385566
5.565467321731838,28.61984714972198,20.677361017268648,39.76887095174889,29.20199864298087,73.69248473547447,85.18944217816384,155.67411434502353
3.956751841966052,8.332137142236673,45.00987758115382,32.08518372850126,28.210213555795555,57.925270689031656,109.50769515130634,154.51427250105036
7.913687475016161,5.578315659941917,41.87609883599516,43.381917377224404,28.855606414242942,61.87315492970079,86.84596375628611,185.54907943119412
4.7717479570792145,27.659276654309597,18.83798923628885,35.015408513367746,25.525653701004437,72.29560417584655,66.78180850783788,196.92763713065875
25.621150887713693,16.13235093523459,0.7271306370284247,0.0,75.0,50.0,50.0,50.0
18.920874236955218,11.692376773175976,22.946772301689833,0.7322727736140876,51.56898508955847,68.23932072071214,84.15574106643922,79.47765140526147
8.88495289085116,41.84969782867129,40.75536842381857,66.89716419635005,36.31902001239304,83.14132231502927,89.36442946398294,128.53712640203793
9.059624945141985,5.087316140157585,28.667314835847197,48.21380723545454,31.774676500388004,56.72431812743788,106.47107080504193,124.15716288355335
4.307313874409907,4.090540721594553,8.737617102515806,50.95384895388342,27.210321463678397,69.08866543181426,97.23373049127726,126.92295653451642
1.2535906783666426,24.148006942859052,55.996784580372044,7.43193740114006,27.532852473375698,76.92071494058072,107.86690022133124,106.67361498592248
5.304945299736381,27.077488843541797,16.641617401455967,78.18756189325534,30.900280698190237,61.07081699294006,90.21176356282471,179.55961659036592
3.062158139065029,7.781291167151482,25.193076810736812,19.945143313346694,30.11799769581858,47.43461007635171,116.58407075745336,131.97933163205428
6.331477406178659,2.4120147006782546,27.943867235744882,88.3302290605455,31.60236122930232,51.590877775093986,112.3917467333033,158.54325493539116
1.2579514186038696,19.87680710121247,60.176104579747054,14.432239955911827,29.771612319684262,64.1801214183944,100.55723052027214,115.64149652445451
13.690101978914257,15.44443086442784,1.929199525737143,0.0,75.0,50.0,50.0,50.0
17.142109746249783,22.751422148285908,31.006906866892713,2.3789155535804047,63.50003399835791,56.99619188271946,82.26575210692374,80.67972029397019
8.064018271339314,21.508464729672987,15.117067966046632,19.95924429801245,49.343151742975294,59.76347582497857,90.63025587382782,136.05663265074378
23.748434004100638,3.461646468145267,7.193119329620155,71.3202722731041,45.0622540987964,54.53425572616625,112.92035095745837,151.98728227234105
3.398766930426966,37.89060838331365,49.05420532000987,30.96322086698214,25.298860301223883,83.33478767764926,122.82691564236376,106.35447902577019
6.578757210348303,14.510898980950543,76.70950822635615,23.364709792532416,26.580111340216305,55.37462046707183,124.13904555148247,148.80048192481888
4.010355572428342,13.156741051776466,6.754525619057226,24.367297260138745,24.64814456443006,55.91008782155228,74.25496004680815,221.11529758621168
3.7096868899797495,20.233936865492968,17.039262511328605,8.329450626455667,25.334054233662307,55.20154754549243,97.90280873375099,209.2552542293048
4.217073379608715,13.38313373765208,48.47292012115994,69.87021200223819,26.30349451775731,47.154465817548314,116.31265539545583,226.23061661635475
3.641183535265348,15.672208219500323,7.7121590292068065,20.56400399082435,26.740524115628148,46.87704560262752,94.47379379015331,209.46090606305805
40.139760772448085,15.257783438849948,1.0861766007624252,0.0,75.0,50.0,50.0,50.0
2.5051648786964944,50.220277910596394,9.571906700497825,19.611099680085257,37.05037520482408,83.63249810183117,82.92212760632057,79.83669736899547
4.594207753928107,11.629915805678731,5.411799479325703,31.693948607159673,38.85900219631435,42.424263071536224,140.1363978774778,96.61393973545884
8.901972697845027,14.104603476126016,4.958466866895643,19.491851173242356,38.50997341607697,44.48891589234446,156.56751593100228,95.67192123458695
5.128570285254233,3.147130022560106,41.0361373574685,46.016635244753566,33.86667495693401,48.2969797201652,173.50697318965402,106.56895710588631
12.408916995225429,22.340899224111674,29.01779150441511,44.58796827429037,33.164738453918865,59.112574222818175,140.64104164353736,125.92073015298638
2.5224285444727386,5.729975493060977,26.51620123489506,36.02790868716668,25.20597232976907,57.43446110951119,144.10676954843422,132.44347277951258
0.7525405340261694,1.2972763945035994,17.276881212305483,27.17171828574114,27.365906901869764,62.57846214456648,132.97306419117743,144.1867474628609
0.4373872723825857,0.6886350867813975,67.09102866711915,62.41809824034147,31.2389666725224,70.07697203474865,128.1785723919037,153.93298194043462
9.537435918641505,11.333828464532765,17.432612141153044,98.01261684947534,35.31372223756643,77.37234237050959,73.58378184341082,176.8049646849649
50.57384933604794,15.55329873573523,8.928762075236772,0.0,75.0,50.0,50.0,50.0
0.8944470928839533,31.365764442717943,9.288779105832443,26.299592054528347,26.61628664122422,93.77107136854576,75.3750574287315,87.67928284346982
7.957923027929893,5.853753307728125,39.2034856490853,35.25973497568198,30.367668011942474,68.90968736480431,114.61403221857064,96.82956468744476
4.960497956503863,27.96364372885912,31.96012017114094,3.8453588373969003,26.948718220844597,78.64146318920454,94.71048260954224,126.09265535455845
0.8340027473155267,32.21491502896083,36.758831454395064,85.82348219500876,26.62514750711918,62.54926388092725,106.23567059043143,176.2787868788564
3.901584654164456,5.458955553863172,49.845985588759476,11.851049971468758,30.436737396519273,39.21342172335538,116.05935384023084,141.7573730704403
4.632231548523462,5.9300870209214605,4.249739404474006,88.84686873731144,31.072026764675325,46.88740162838507,84.95254638560391,199.73834974652758
8.347359623864012,2.770465984107651,40.000795187853825,39.17383321036785,30.957137466599562,54.49073465328435,103.02876521348637,125.32588887218881
2.128488437701152,12.227383640497992,38.3996933232056,71.05157970425827,27.130682194331353,68.58374280137504,80.50035751871303,148.32010355055354
2.6253771338624365,10.726195005171856,4.485418524809315,50.74091408314269,29.634201947204488,66.13482603282861,71.09139245413118,134.70907540258293
13.137995805132327,1.951752929218955,3.7147941227996673,0.0,75.0,50.0,50.0,50.0
43.782032526890404,11.675416515098176,25.24385575530509,11.974188400363056,64.05214017213984,69.93676364414642,66.98747957465233,82.46531489103272
2.744320686050971,19.503699681311037,28.960709052054355,44.87595946643159,23.220171690209995,109.59979732703493,71.17705675332412,122.33857078764768
3.4141116329992065,53.07987420440686,34.517458476457385,62.76521713975277,25.206287042774647,96.84637756832687,79.18909897957582,128.95861036496086
1.1580128537963164,22.142658070072756,56.513500052553795,53.39326491502769,26.47453059533197,52.498331951076395,114.61933401115132,122.41871825552471
9.668191908620678,0.688146828348358,29.191447878887296,47.988142783961024,29.966108293470214,40.1362822144722,93.69406974549887,148.06448395625966
3.9006734307617945,23.96840457926429,23.16833543534653,30.025815820170614,24.84899975419578,58.31108295790607,80.80789847770453,148.34625129456236
0.9368471787730527,10.216024402598904,17.939976197526043,98.48721719898549,25.639621700781458,46.5442238844556,98.34656155087845,160.5257789643961
4.764123340571389,14.955042045250677,11.437091154915024,33.41478806668686,29.374115433834778,46.182255324461664,105.7943786087818,97.14953859897702
4.540141861267551,8.221922245899751,15.554798566642186,30.272302679306982,29.17863480270583,44.92531529583811,123.72653763179507,100.46024479872416
28.489627308581408,18.161986166585784,5.555681156905598,0.0,75.0,50.0,50.0,50.0
3.6928971666202672,10.550449961532593,9.009819006061532,22.21710843832202,48.70050866869076,69.07816191022867,81.35682577791323,84.30620192513864
15.501874727348907,29.88233791907665,48.023679739138444,21.884185226471633,48.82221043656219,69.83660993646382,99.59163983128973,97.54935291085135
1.8728101749919408,10.38383579666861,9.237817290479024,82.7257544995374,37.12900500251627,63.01955243541143,96.49924462923168,148.9384516990715
15.777407997954358,6.066457308047998,22.27138605337953,25.77396965038458,39.56707168003507,62.52410893536434,112.99643393831134,94.40014371170258
5.1482925296629825,49.02700680480497,60.45116041828794,0.2567328482350371,28.007091331818614,80.28170080616609,110.42098504608317,116.44848133532062
5.856444678015158,7.917505381026876,3.9018639955474197,48.91588706649775,27.466651490953012,43.18387133828685,112.91281559822,199.87809747895088
2.699558118488392,6.894728944269341,33.83882290661149,50.30011026582887,26.2330457678299,50.19067704082157,130.56734178432663,165.02119059878666
0.2675195695249974,10.90755548889407,47.76622325250136,70.84069640717465,28.189440767992693,54.73648294130134,115.12353086035431,165.00562093116596
3.687563500804603,8.180696778314521,7.4387772359147935,26.765720850444033,32.52465153263703,52.59915367004997,91.65277749895412,158.37941140023773
47.64922207649004,13.201819796844301,7.151210208121405,0.0,75.0,50.0,50.0,50.0
5.717753017081629,36.408187499697945,33.36872711593496,7.374936171067146,29.540913900782122,93.19792304787879,74.80113035695594,85.90173097635446
3.9332463049708153,11.718145262612817,46.75086304079225,4.213432595800418,28.386891545988043,68.17084640853471,95.04559432336197,138.21050415712634
7.244744322054431,25.512137275524374,1.5849694028084824,35.81844798325618,29.05079154458189,68.06411463817022,75.50284156593389,201.22724150013056
3.9363919319651353,13.546699161014011,11.897235170226336,108.62743315098801,26.384132329427274,57.48214793046437,116.58237726974471,176.88392141209644
1.21210708013294,8.931319146927354,55.385105882809256,11.348492955595697,27.099719558872394,56.22065169576786,131.45149941865938,94.59121291604161
6.861096928182101,26.511857956396337,52.20171116902198,28.87836246414548,30.520460021647903,56.92189119339437,96.38282459522189,164.1607455548264
0.9673714845861101,12.033643002047096,15.368994338488733,33.41450413292891,28.193686157583173,45.651954029861066,86.0553350692373,204.0701571706665
1.9094427327250092,10.632206393222416,26.281928132048336,36.73933009541208,31.828925354701347,43.543993977694456,99.02179183866855,195.34655514779894
14.151683204853372,8.529500037221784,56.317715778194696,3.373688497412601,34.41302790069968,43.87349017612554,98.47742056054874,195.93013411132716
51.66351717156679,12.988223702075196,1.6546612334110866,0.0,75.0,50.0,50.0,50.0
4.801210574541635,2.756038661526964,36.90349412422008,3.4886460671521125,25.526618805705375,97.42581423772464,80.08408323689716,80.40518200164414
4.676051276229928,1.1707166990419249,0.5803652706271549,5.226704370429765,25.39963947896295,104.73259578710599,62.73332418743077,140.59101529816724
1.6716948581882414,32.742156588766186,33.52444775245039,42.283834817317135,25.40105204276647,112.76349298427674,81.35723104041847,156.09428459416324
8.207363019127069,25.550953659460152,50.02718377929073,60.66869043049907,28.406785152718523,85.34869389980561,97.269090076395,165.20159728216498
1.3302989878656077,28.474430877498225,35.71084839125628,81.43120504639984,24.796003673458056,74.36732374708346,88.06967813143955,170.97629125464056
3.040135307629571,12.377672220058376,26.470605156024035,28.429521142066644,28.158315288073336,54.46049060018576,96.96013787876524,140.7105979962177
9.683954053737265,22.644577057795566,31.40913329127484,42.04196168206434,29.72178700807671,53.64071413000927,98.17393263320155,158.8845817493808
0.6842279875880964,12.541541565015356,17.099290618560914,18.42330686498902,24.59620567068975,49.24211783769095,104.59805326053302,165.68263747542613
6.835736562364875,4.387132043830662,46.35527459407145,59.74197047374172,28.609521514876175,46.172901081957335,114.5798973846456,180.6959621600135
50.45531146381517,5.2335653649351155,1.0460652799577708,0.0,75.0,50.0,50.0,50.0
0.7447057003782411,64.11213887040846,29.080064982822215,10.588598420114637,26.734824513456992,103.97226686711309,72.93802085321039,79.79658604819082
10.458825058296211,8.782968318870394,83.36226997397357,54.01998380040735,30.632785963071825,45.20945072278602,125.31247516386293,125.10768271241483
4.540580047853297,3.9134632716177316,8.78743760180879,86.45333705575756,24.70485049121219,55.86370833468066,62.90209841500265,176.6444020268525
3.04650349370982,29.020242963265453,12.769868284887833,33.69585646909675,24.85913666537061,64.93125962191554,76.05109143998756,113.45789057017801
2.7494617255312432,2.052917970020647,44.632133972485725,19.804557206874367,26.50367665740132,46.850966871539875,109.41236872255644,116.10935588646468
0.9924466842992113,16.631454576650892,33.99566889961069,0.3872399665205605,28.403033611312896,56.45040554146266,80.85955456196461,164.2113768235236
5.157054981831616,7.698040941285671,5.230722758993205,33.028927397026536,32.00727500041618,49.218919598666744,80.22976770450116,214.39763026566453
0.33931128360855906,12.215993695000826,23.356320981703266,16.937400371666488,31.338074648451354,55.46717159976447,99.48212967906339,193.79192485871113
0.37653695240186785,9.125997205278857,15.353439841369756,48.114803420971825,35.50780627215648,52.05297429701893,103.40161333792557,211.55050333883358
2.52184640506015,8.59790443809265,6.899756458273333,0.0,75.0,50.0,50.0,50.0
34.05361866582344,19.46158028842022,24.671226113236347,24.09971300728869,74.66828957221202,52.67446273520055,70.44866874805237,85.65027722650638
6.036666916432999,42.651549970410045,35.65232325792355,10.453067361221624,42.82958383107431,75.87984304470095,82.75956757618086,112.55828839790964
12.32274573374259,8.15082236230176,22.22110221380036,94.75285596103812,40.87601067378743,46.38884654623774,106.33812917088167,161.43622775471238
2.4933048669828937,21.784008741447597,65.6198313339765,17.060506806651524,32.7180734407973,59.48519323267816,106.62459996279571,105.93017330635098
2.0313133544164397,1.3712694736411617,7.755841411329836,64.11943705768724,34.68962789644877,48.426288474896765,77.11513940194303,178.88938408686164
7.477427543977343,23.171476376716413,40.95862453716197,30.558087159045385,37.05675006797795,57.91423788749491,87.76014120670932,136.610286986383
5.66032433650719,10.704803432324104,43.550381840267946,14.468182435169432,33.89287829088852,50.54409689845964,86.12701314872523,167.7086357115086
11.25161659484144,6.368569809804464,14.001272461067906,78.73803835881469,32.65830031315983,54.22280874431537,69.57708723363962,212.79357275423342
2.578918849646987,14.505385819707358,37.67213202239132,67.27515389750705,25.87349622025774,67.6365192847674,79.52585149251128,155.58673299256054
52.62477168307173,6.851153152765519,1.06709393087152,0.0,75.0,50.0,50.0,50.0
3.4707625094615224,56.45474205109207,8.799932209308452,2.2104531878810803,24.565364294200435,104.52413929853925,74.53457999012704,79.81761469910457
4.692974586336474,17.448230264621817,13.662698904410066,44.13461104774027,25.792903569078156,56.08745331716695,139.4142591862389,113.22504914768379
4.2708009648192125,8.839421309070127,84.15097911546427,25.19267015832019,25.767328926696983,51.760120972114365,153.5130730633577,106.35686819559174
4.440545596219604,17.108534733817276,14.282323207308753,72.83259346853988,26.16458707702999,55.85254362214195,86.46460968535557,189.66994245427173
4.389630430152467,15.348196510744467,5.065210169163864,47.26745817008259,26.381787725806753,51.62561198700226,105.55741281546868,143.23998300941486
4.368733102824616,0.5919436227449764,70.27366067888951,6.124501841692369,26.644198300296686,49.335035863630374,130.2795557237412,120.81393398001615
5.8272553797716915,28.08728745998982,27.577906645141407,24.2287441638313,26.9205505425234,61.89534607613352,72.13544320607888,207.68283016075063
5.0635450429982845,0.6079406481430925,41.0827029948466,31.256156406081487,25.7309809081879,47.72101989708724,90.04531873758481,219.62061159109578
4.562308217335641,18.238394545174224,6.814965757837467,5.380925665295648,25.336430704264927,61.03840854571734,65.52195297777129,235.52395488603992
28.13572152774111,4.501999065701854,4.078657477784473,0.0,75.0,50.0,50.0,50.0
24.186438408537896,51.268681216358296,3.1481236603155294,22.427940353156213,49.05441444953105,82.3842432302723,69.17386235615042,82.82917824601752
0.7456370682977383,2.3958233149807193,50.634650020832346,28.03115771124004,28.66529073202169,61.91225615269044,134.9038158763898,90.12294622599548
0.5906262670241094,7.545716531927,54.43484309643228,14.136998974340658,32.508860480792514,68.3467303459172,97.59304471736472,138.670861022451
1.8803678083254938,23.274198378333892,6.76159355312858,133.48401522292,36.38991427740517,69.0578202831313,65.94927288513098,199.38468649958807
13.326533634421725,24.505108402020802,56.181543504802974,1.3224143928550502,38.8475796600236,55.28139325632838,100.2888004428475,82.91657674433726
2.189832092644884,2.4248203154217154,22.268117269033567,60.85934518666955,29.766668579125007,52.5755804274918,83.59186937253727,164.3420641368781
5.593373437122664,19.127415103734617,26.239693105956174,14.552084462726414,32.133874628822,60.95913301770132,80.25883956518685,142.3073845803014
10.563516790391926,16.915167936085926,4.893007321543317,68.72594421620362,31.02429709058479,55.5682339193463,89.9292775087931,173.90343935318177
4.520320632973015,22.89541202005017,70.3920931335936,21.98805833670873,24.97960399314051,57.6734628976636,117.91324877789631,125.02540111070073
28.139295280823696,7.881710836517229,2.1773136463606257,0.0,75.0,50.0,50.0,50.0
18.891201495683035,43.37438704449765,4.2922697599517985,12.069205220484966,49.05084069644847,79.0081052125395,74.45491795838964,80.92783441459368
9.198749323470901,5.867476419272995,52.85730660192988,33.915339877101864,33.95712905319679,61.4070254780999,130.76782802729332,99.87981505211931
1.7394806369707527,31.535127177531677,54.07663864445951,21.433229554447852,29.181947217298386,72.85407169524531,95.25223273541322,143.8420822576447
6.545693032809316,6.847000685934471,24.317672636533036,42.469957264288226,32.01673398929033,50.40691430432585,88.18108416231281,196.17585703150124
9.37443521530532,7.480672075333665,0.8147742709219542,72.73823513534582,29.958592888579197,58.83571607420975,86.82749717409683,188.90427607071226
2.8413451747685596,9.716472932282468,59.74108037749809,10.57589190038168,25.13546615443653,68.99965687852493,109.72862245535737,129.24433050045425
3.8165635962653846,14.615945938609999,4.064846854179303,87.69802260666738,26.978258412608472,69.74594123591676,73.69590332332663,200.08070331961102
5.914842356321136,23.783150215958383,33.977766765992186,49.067679901267496,27.797825745523557,66.51628219826311,101.53391671510593,126.56466526087179
6.3706717702618505,20.736528574365305,15.019783126908312,73.17097111913218,26.49667358709347,56.437397366978665,106.1935840034557,133.48681076038147
1.5664063140982865,1.280661743478888,5.356210399422345,0.0,75.0,50.0,50.0,50.0
13.148305862324792,7.694893008129909,14.784701200977942,18.821369770507356,75.62372966317388,59.036265338852445,64.6749721122896,84.1067311676554
26.66086083443195,1.4907652529242317,25.87328269973295,7.088080944133056,64.61867430849642,72.74804996916721,75.49519562659178,106.53726006447062
9.74509766916755,65.98708797507904,17.74184073265721,4.529026252108396,40.871479586927215,105.27433956386628,68.26562217544803,149.65809740171858
8.08580899094456,10.842210905648782,38.66275522838385,112.9822008957917,35.29137551787755,53.50123579744307,134.1825811956379,181.71389620540506
6.039076350414241,14.875512062055018,19.5178870455425,19.637042231655023,31.5829551945266,59.31432543843813,117.38654491239316,120.97519031324768
0.6218522185450636,26.71331218286865,4.566954321463148,34.29087267555121,30.04522022493849,58.719826415530406,125.87018168424306,143.5563723292805
13.338172128568266,0.32578333475992605,66.53287894942962,65.39859841696116,33.97207828204903,40.90534800896767,160.11578918302695,133.56359379518062
0.6850594109411656,27.032130751741782,41.21427807800714,93.94302949655933,25.05696609164705,63.08134634848838,101.14486202505431,155.80475374384014
6.265251414752577,1.0474255614985817,33.2790420155467,8.166189053677982,29.058013754613057,44.74596615663426,101.85629023935775,120.98748890426945
1.6211773752363405,0.9240146576121755,8.784447680681172,0.0,75.0,50.0,50.0,50.0
5.5370127878241915,14.470029241607035,9.100872910492896,12.665736458470278,75.56895860203582,59.44768348585721,60.89008774516405,87.53496844891421
23.879565502120293,22.007833891619,33.88209988692285,14.376637850409933,72.17932892985303,58.74869409121083,84.40658799766683,110.14381033653076
25.69120616777285,0.46411634405857033,32.57086775460342,29.039412557501326,50.69709695910212,68.89571368708019,88.97431428903398,153.59570022028925
1.8672418944158782,13.757376631281923,23.147602624119386,79.6321681532777,28.721343392685366,101.7513709159713,72.91456899692375,175.37766162854084
4.2904605115043895,63.624134026234316,28.167047589943817,68.30999874392296,31.441700419931294,94.6934934544607,80.86843065349477,133.59314726818297
0.6744711476230364,6.275456590627677,32.04281568871029,35.24239458072522,31.65703108270768,40.88308846308844,133.05922836278037,114.55315127409443
12.032010435292591,7.970610538412591,76.13671456864834,69.4918127499395,35.481559817399535,44.44662234515138,118.46558856314894,134.80670057170033
0.10829904742850766,12.868117911272046,2.7792604914237113,6.104157605038193,27.82021090797717,57.520596308387574,63.29883816966417,162.39267516415754
5.062517937502487,12.801256799484019,18.625646047936726,31.283947691567203,32.3249797095083,53.10738004044627,91.38566169710388,175.93996535290074
17.084661342934325,1.6044860853814136,5.515669938161572,0.0,75.0,50.0,50.0,50.0
6.531254075203642,43.849340516166606,18.59061916572518,14.352885077797275,60.10547463433784,74.23069602578596,64.83933691545289,84.26619070639461
27.896952445908383,10.156904823754575,52.03844717797118,12.527313213961229,56.76897393640409,44.16004096012971,107.99746104965,114.95772962397646
12.146542253297419,1.2073876592660195,24.032067068951065,46.93423186862953,32.26152864189915,70.925350853081,80.29552263156208,177.87576780892073
1.0273115102875916,26.188620128203212,8.20342350247547,39.64932375014582,24.594673541882052,89.35141096816872,74.25062067736229,169.2369997669462
5.034429579960858,31.10732468678811,31.196561204813236,38.734727130520504,28.26494353915221,70.20357449775423,109.4817721756819,153.53878032640333
4.672850221744259,8.05240221264188,75.51078043236403,82.22702905116107,27.83111362813505,51.66843216644991,123.41137179766002,164.25979305136116
6.387119636045082,23.392503341235766,10.317018727831838,23.118167309212122,27.77102795823487,56.95466056398638,68.35712585750038,174.1134886239181
0.716746547333868,12.722664278576582,34.69129538331062,20.279776149249614,25.998342889658556,48.32823690784495,99.09808122593832,176.23105640897398
3.334403788167789,12.948549632917826,43.00394689997627,81.16563113804614,29.943677496159726,45.15496447501506,92.22726806121392,205.1941383921772
14.506756977060027,16.732075803812187,5.670586686587238,0.0,75.0,50.0,50.0,50.0
12.011767138272432,4.6074020598402985,17.568421278743312,15.40300744513374,62.683379000212135,56.52520194148089,79.812009885458,84.42110745482029
12.879289193891973,10.59153183005951,40.00303033437269,10.469022799136319,53.70829516274868,72.3328683779317,83.66939249138234,113.02729084148795
3.3714116255769175,46.60053624649281,13.373043271260972,95.14503313428146,44.387408784824636,82.00688441141997,70.76169293299479,166.18730586530316
22.740441730209593,10.425363730834205,34.70974177297564,3.652006614645406,45.031199585880316,45.418962924714386,121.48766614382157,100.66968181115216
0.40963155818556557,24.88341263970481,18.008642846505158,77.05034551147783,26.277196020280964,66.70295441451452,109.84180116013029,156.66877902863445
3.530632472158064,14.682751681715462,24.47222458727191,17.32205750551524,30.522358676868194,50.00618057966493,130.69608379339232,115.40466681094448
3.8578386512675618,4.705252122377729,33.99591226018363,70.17995207065486,31.525991337187495,47.604273347781145,132.3901716779057,145.91048677858447
0.4305463227531658,4.776924641823056,62.84954359727493,35.57184655983083,32.171290934734294,55.62420436704303,114.3615104404895,129.1192432525302
5.481163729771048,8.017525066442227,11.610662251303872,57.574373464213295,36.22333789452121,59.73159763203861,69.76385868193259,178.08419385189495
24.127297314540876,15.255126254090062,7.722801131558671,0.0,75.0,50.0,50.0,50.0
7.0172743879546875,1.8128913454345152,12.770965466091399,3.1057469599564334,53.06283866273129,67.62269182868386,76.28284589076443,86.47332189979171
15.90350258159248,3.9515588718759385,26.213141057172912,34.93693782975759,49.63839242234308,80.54240281108288,82.4180564610827,122.40438054984183
9.584926816692654,42.65203077820762,28.590770577466554,33.22335702412402,37.503410706301636,99.25431290734167,76.7639500598786,136.20786068459404
6.9572442222507025,38.522809479170185,54.72251344745217,88.27907851564233,32.215395825597014,71.26958318514069,107.88175105716398,152.32764017563534
8.994259051356202,10.690539175653061,27.927916531449384,15.643395173948425,29.73932549248014,47.166490624555934,105.87409225274769,137.21403578028912
4.145784609016445,12.094472152673948,47.11535753203414,77.28362028758103,25.302917882198344,54.35828396809037,103.04251806912421,170.11422369833662
0.03200795740726514,1.6224240554989333,5.662955840222834,46.492471145314795,25.837048604099525,54.932912380566734,82.72214217501474,155.5462235630466
8.84809330260241,14.012596823068272,18.45817417921575,10.019244836206308,30.47130124076043,61.834442575000935,95.26403481930492,132.66811711418126
4.687471826656696,30.126823487630624,48.03177059007855,86.53085173070426,26.159029677888554,64.75940793897156,106.28769951069191,162.3324248644535
2.857306866887406,11.17018031413917,0.8593790973615489,0.0,75.0,50.0,50.0,50.0
30.135102497200403,6.809151421361777,0.3399251507586168,9.026561590827464,74.33282911038475,50.43764732098128,79.06132198501066,79.6098998655946
4.830926528859309,30.231840823469625,53.62630012875668,20.7952040857046,46.43758531096114,82.49215950404472,102.40845685103272,97.75774152831664
18.08206544086408,14.269875897819944,0.6333364543819545,29.130864497846826,45.52882159837314,63.69262465943727,93.77941234751822,155.8181566000187
4.497032461401866,33.12800586992645,67.24395273842462,23.348031539507808,31.410677389410058,75.47781014166743,123.0251052509858,145.23004368577944
0.23267122435134835,12.742493189998257,44.765143656377816,104.23178972879816,31.420410716979674,54.00109060661093,101.36064514459326,208.61711489557047
15.35395353119318,18.386446660506362,37.24371018511104,25.79580556713849,35.694199604405725,50.03391828954034,84.20979619138826,157.54741591216913
2.1370527465838958,12.447101950903226,3.25172518866986,63.80796245928462,24.70334339434267,55.750250853193364,81.81107682647843,186.63600366920443
1.2873875208315197,13.792384387567202,63.96871812754905,55.28447137139868,27.261194093663974,53.88696130754697,107.66365927295361,138.76420298932715
1.4552426532636302,9.877762516415407,7.499824311627395,78.02626917711552,30.60226624488829,49.93076471274557,71.70278411691574,167.8515658654027
2.9405597523486033,1.30945559872081,4.2469168708563485,0.0,75.0,50.0,50.0,50.0
29.88407302951499,25.17755962186576,8.866896645173336,13.771722718140182,74.24957622492356,60.38162492186084,65.81305949609751,82.9974376390894
23.970423024860224,38.237996999830344,59.85873112461528,41.295207723483976,46.61153547624143,73.26627555374306,99.95960612321448,104.65227724875048
3.115225466201592,23.589749540071523,29.62635625988652,58.377850170548875,26.55518815091566,66.31712860564654,93.35122629154966,147.7497413172215
6.476814035004435,23.1135596651252,36.65613613764901,12.703952046084009,28.087415114057436,53.64523524293824,102.96371956178697,138.1229234110308
5.603930404994546,6.9687172287054295,37.14353642748581,60.425185434592336,26.2162014970931,45.57027403118921,104.12974038499698,182.5664382534278
0.3411740902242057,13.817095654356912,39.8749587894312,71.15654628868961,25.26866584415053,53.167521605418784,88.54321201871856,172.71195977556164
0.14866443426991924,4.849688895733799,34.0269602656902,34.53168255056675,29.608272990173347,48.27887316329723,78.5705186821065,156.58970076819298
5.679037041078453,13.499230235753325,16.659784637703154,106.82586299647308,34.0213476812763,52.41287659043328,66.30975895894437,173.87485379748156
1.295061134761375,15.347843494579513,12.393718317026734,8.24658781062482,32.76369622599186,53.2197573774191,80.9523232586866,98.6685948216983
25.99165459603417,3.351408672670384,7.623620330930043,0.0,75.0,50.0,50.0,50.0
27.09270805056043,17.045998239189224,13.004688934630776,15.192015413942006,51.198481381238,81.39076669159684,64.47830910997338,86.37414109916308
4.562372607280596,0.17845735261017392,21.438085868933058,1.3491510928831247,27.795703602130434,98.12890379300784,86.44233230980842,110.46120501005554
5.224443112612226,27.821631804949185,22.246832918471345,77.12220045432741,27.847080166269524,107.70590137075396,81.45121655789038,154.46170005813153
7.010532492711697,36.71047923840077,17.244828365831022,28.361942839245707,27.234957226322358,89.31963999881981,103.7125317172976,117.70450291300568
4.217784406651346,19.532603548868153,22.607560415131406,28.66773296189563,24.853599132894033,65.63599613078607,137.80967426810471,129.67619761123004
0.8247023840902994,2.6688200790090146,48.58587793455002,27.270765808043212,25.32699582658196,58.16868129371609,145.26899215564484,145.2316117324835
2.9513235054884097,0.8242968841359196,67.47997159554582,117.06069789076778,29.18159937148547,64.63371975554408,108.83746678603765,186.03764773969698
3.944562694543887,0.5821344513411797,12.985498390589626,68.91666510903427,30.804553422836207,74.67344151297017,56.270681237865446,149.25156670325794
9.543751033013077,52.85422875332294,8.052981414652933,13.708208118022736,31.385605506453427,85.25039869567931,62.28495788477151,112.22369066317557
32.51904168475717,10.629149254928308,2.917216067705194,0.0,75.0,50.0,50.0,50.0
9.367155811952882,46.042847213894554,27.906566409989885,19.021365109766226,44.671094292514994,80.6404131980619,76.46245395545616,81.66773683593824
14.1311667241261,4.39595405371515,11.40956707612554,55.48185168381507,39.30651695204673,50.716806480080244,111.67832896456167,117.22183426526433
6.488346206494457,6.510671605592634,18.976984474338096,28.71319633067918,29.40304799443967,69.16647319851258,118.44164594836299,96.2947941313802
0.21417216952351095,21.984495896100164,39.99976517318148,1.4497644214595797,27.48249445524474,76.75405405804085,118.97750955501402,111.92940049292322
1.6017759786539945,25.484542675102873,50.93239916516038,5.8141548463437305,31.890726071452217,62.04102924403856,113.90110310337201,174.22837733670457
6.0335811146643445,3.3180722478599414,51.96539284669994,22.718950954940716,34.78052707760351,46.23495227921553,101.98053276530682,234.2455296284206
6.101651046713268,20.402027214457792,4.599492975469732,2.3057101071187103,33.14222536849515,57.88200650223155,68.14220633281614,266.30670191058715
9.889710599850726,19.99337761406409,61.52567641943775,82.10609700103345,31.491471306585733,51.90740223018085,101.62485674564822,263.5584997779468
0.9883774607451368,0.7643184298850692,31.547136961144442,1.7962728726919321,26.105986277995118,50.457150904244884,74.93763589399518,238.6472368918687
26.16430937242564,18.927594042964465,8.13757103177437,0.0,75.0,50.0,50.0,50.0
30.397527842721125,6.375299744990858,35.91131441480246,7.548549602356361,51.02582660484652,65.98723609769422,79.54054377942313,86.88809180000742
0.2399589647155941,66.35819075796763,0.284023016828849,61.91505264439502,24.327046107827833,97.8338861927262,66.84451459465201,141.48083420171878
0.8528162185874669,4.5459153348780115,65.45644658841182,21.23254995924794,28.791213742195936,36.937550521584406,150.686251124617,99.87474739441336
2.6878443931964444,9.081028304801514,4.584190687795578,30.350357749690485,32.52398778782398,42.56241520377621,98.46546282649066,169.11944896639932
4.807229416054798,7.328357852700531,26.419724014577493,80.70350986717474,34.307331745679036,45.26372515230269,118.12240643707815,159.1206604234737
13.4661408843164,8.00707455421355,8.029282245997743,62.08870703630348,33.91172125978906,51.71854407259087,112.07080113433473,122.2305372963927
3.1538725146558555,21.91355139396984,2.935594846285991,7.48483579300878,24.870688158995733,65.840802638864,125.78179880568746,90.71954754945803
1.3763301711474483,7.604033664293686,9.615536888083254,39.804550431130615,26.40757196239445,54.9151838009915,156.87006723444202,112.06093058483171
6.848089913936555,2.5196205439519535,10.334419546643774,21.464036370988843,29.682602387256956,57.180399346819904,162.60485665826877,105.60622393032722
1.3794352415932765,16.32892658688216,3.8281046644619243,0.0,75.0,50.0,50.0,50.0
21.769745949441976,1.0873699677439947,13.275147587191661,7.997728827997703,75.81070073567889,43.80102942294416,81.25134269065329,82.57862543269496
5.151572428069505,40.98102427675387,34.673283740664715,38.85647612723614,56.17007540770914,73.52444701580231,85.7663054870294,114.45030333909025
13.87286000298062,8.110288984790442,57.70478090099207,68.22953157202866,54.44179370590027,44.994507617204754,108.40062384189096,133.731963994104
14.130123802084201,13.306296764193318,29.45311109671387,11.415126110336276,44.08771120647924,59.745167294914964,72.9422841123186,144.29172423349442
7.3903281184166545,14.253692009273479,6.138954500483153,68.8897250985692,33.986039073406204,68.78531340438099,74.1375397913431,181.95574384592697
7.838414831569512,33.12492132658286,26.15329069827871,69.46754972481368,31.01829670115854,69.55810492958915,99.50660671654246,132.742220176746
5.0736989392077385,10.347778632010757,37.945180925001054,5.081928512875502,27.69889164269411,51.854383768406166,121.53562099294132,110.6435633487845
0.641235611545152,24.938397266680052,64.60802088157968,61.19671110303708,27.241627455797953,55.23646794161674,106.57093333318801,167.39829793991765
0.35360636296440734,1.0100629028834605,28.361145122699927,5.689208758476979,31.229384602805588,39.4145482238329,81.23337084285586,186.8638579471296
48.350657559343404,10.278057832655076,5.790496809674744,0.0,75.0,50.0,50.0,50.0
6.558133515131924,11.896275884580316,7.853090496688554,23.18275205875413,28.83947841792876,96.82312049492137,73.23808179121338,84.5410175779078
1.9111301020723042,15.440223750613585,16.00498711904888,32.651635669210336,26.865544788582095,96.80494013817749,94.60175576802476,95.64201952116915
2.7692840558565996,10.460917809638337,53.41922311876247,33.21576774111609,29.593579347706562,88.59756312065817,109.56891776726012,104.42864273777222
4.303200958971211,6.720836295782929,27.385794148541965,83.79321961152469,31.386469235621785,86.98629784765599,80.61994207808651,149.1893325402021
5.689097198784082,24.71979388505994,36.64729182071203,3.2124103334663316,31.590793917344783,90.79012383930404,76.70871592411851,111.6944155528831
1.1760324716685067,44.42574721737579,15.462705549294865,23.665989769156074,30.40279058097262,77.64366356986137,81.8419889343666,168.90443785705236
3.8317071133507152,2.564753323553925,5.807226246868167,75.58694437881678,33.76466446723742,41.38270727146972,127.45971249857897,176.5045263295502
3.0584981770911868,20.78919238458841,59.95793531699487,28.14133859030903,34.36303937440823,51.7936412059267,136.11622687870803,121.22863858329177
4.115897958604276,5.954725265072368,65.05401849531916,76.13733520207381,35.71424814728937,42.72225597017061,107.71224992886658,175.7150293214625
45.2874015185817,10.56469117996067,1.180148856505736,0.0,75.0,50.0,50.0,50.0
10.414927522524046,49.49436882550789,2.823802251814853,11.03114377910233,31.90273445869046,93.47323110685409,78.13506309168798,79.93066962473878
2.6159727398417023,25.417446052316862,82.66689131930443,28.615524056085903,25.979001022570976,60.03152617927112,141.75619068360152,98.53227255400945
4.088895326519406,9.19687562742077,20.39210937814455,74.1548187025754,28.025611992839288,45.42924287576731,94.49295296573884,177.73718639480592
1.4174981142693714,1.1788107019577216,24.396855706347715,75.7272898111256,28.544050609516532,49.28970942885205,98.83990096774892,138.26225544337427
11.015700060256904,3.7581862674199407,30.45976477477951,37.254396947364214,31.71922640026603,58.314150916210856,90.74514237859334,107.4040198296126
2.37080812091253,2.833549746682711,6.969302336570807,50.918480356270656,25.20055602871429,73.87235808614636,79.93187194314103,124.85265874236674
3.416303582809289,21.165990077628525,21.711216528807032,4.60229362953177,27.51224750393932,80.68353482341887,92.60496791154252,103.12962104477127
1.8702758055571824,19.91096366980757,31.256403309494235,69.63358430739771,28.717529782429327,69.68246227708644,107.77802731621075,144.93010610674796
6.713712801766499,23.33995070970852,30.04499624223953,4.733969366585143,31.434962393161502,59.21591593585478,110.63577404912886,126.08728526314746
6.123457867433123,7.067737356303347,8.572081267428011,0.0,75.0,50.0,50.0,50.0
17.22769838769519,14.040096774335254,4.06818201473429,24.334461343886655,71.06667810983905,57.80624127936282,67.24617685710838,87.32260203566105
0.581663892905753,30.63096662136572,41.737558272337964,4.4323117509305066,56.315868422898255,69.32399247463326,94.95877115724326,93.24854779941133
22.973477357893334,12.555517744835722,47.652161806005466,15.760994239132556,59.14930406785771,46.873705973002544,99.35036811905582,156.21244642349012
0.2670247781139269,28.434502463003902,0.970291922725822,98.33733083954908,39.427526485939865,66.19349567297378,79.3265911196152,205.95201207380973
19.32059681662565,7.758955814678526,57.33081716726422,42.94185214742906,43.38343815002739,45.836828055704714,123.64774644036316,117.52646792645054
7.669439590887042,1.1321165917166884,0.8149610063022128,41.900109082292644,28.12207515158762,66.34832947117418,86.45096646469716,155.02508533373455
3.8728736003811717,48.454988522552455,41.96254260983741,41.227731024488236,25.0572621236805,80.68621657743716,103.03589027898686,131.97162211100328
0.1842620440766741,3.7318384020374573,0.17183594194929266,92.18788384448013,25.870488181050412,42.85249969607547,124.22952618421826,154.02343507047186
4.117459557404261,13.139384510788865,30.708924297108062,1.0016285356171406,30.351622384579,48.38703595826209,140.09287380645608,80.19262155203234
3.648837931676466,17.63683602531041,9.16832144944551,0.0,75.0,50.0,50.0,50.0
36.481792528033566,10.286570413685524,28.722611454691027,5.007927065798825,73.5412980455957,44.762522674599104,77.21903534409793,87.91884221767856
13.883104874362177,11.738721797944747,27.1064817012231,63.62669881052172,39.35778109543163,79.95623759960995,75.804566604994,137.77364232537755
1.6636909741738768,8.396074623488364,16.339169810878378,30.991434827406366,29.7003586983068,88.90752549264046,77.5663914467233,121.79263349363976
4.718590048370038,52.26479613204522,35.73632403426589,45.363782796990755,32.59567691123212,88.22807256459626,86.61803937885799,129.74196802163934
7.982327667269742,12.278017433366607,11.648826458505841,35.11926072840289,32.345941852866225,46.79481759319783,119.399858200865,141.7216126902133
4.042453183404653,17.272778931809103,45.13845139225288,22.363922069835922,28.84057542530769,51.40464989212625,132.91781094064268,138.24225424512667
4.432485994628217,1.6188149005075256,56.28048854195039,92.74129786988347,29.382290498736936,46.853686924811164,116.24455394665524,181.49172967676728
1.1429946901157466,10.894655157366941,27.26589686010235,63.677960531247436,29.518207113925577,58.57012558575382,74.84168817201979,158.65156375424476
8.922295472964962,14.2860559537245,14.623986575527603,64.31902164173657,32.9396134126494,57.104215815838565,75.67242111946726,139.7070697500825
1.817548097610799,10.441841247782458,6.879704705481027,0.0,75.0,50.0,50.0,50.0
10.900368314083046,3.850087197096105,12.335290617583059,13.215758890926251,75.37258787966137,50.126227618061385,72.31265731053448,85.63022547371408
39.27380049482017,18.535798620274377,0.9195001733193102,50.968771173632724,66.63439480553669,65.92071543411458,81.21517173238789,111.08796830706729
0.5916503582406022,33.07051355464064,68.15847700726815,6.411291984730521,30.142165565972583,94.48752024878789,115.5371424200284,84.88111186440855
12.298316099759374,15.012630731764734,21.79708961810525,63.319880798689624,34.09630892071774,67.55135061708931,93.7896026949429,173.03021951893396
1.0723861186843262,32.07932944147044,53.04549636385643,69.54703437628267,26.216826301883103,72.55717832554637,102.61334437202373,146.61228575416803
0.48727401134621023,8.380694597885345,40.42255034519048,19.3179577365853,29.800818558799833,48.92027195033778,96.39166255983571,149.4016287142479
7.822054893648218,16.250974041941653,4.106530555199192,58.34760920089941,33.869565876289045,49.83073208390745,79.71132126837651,189.3872700296441
2.171654285285907,19.613070793779354,1.4844683011195605,46.207609710697675,30.474046892307744,50.16077575805308,108.68218064880392,147.319436951885
5.185300893064067,1.2179765605816355,78.44157999068273,2.208067757770269,32.83813070530324,41.46183503557202,140.91649466542157,121.7839964621183
22.67460551996379,7.3491917443866335,5.712887678559079,0.0,75.0,50.0,50.0,50.0
15.781076762530342,26.712734569157316,14.914932471200087,6.0952171061817415,54.51553045730837,74.0759345438102,70.3868248340606,84.46340844679213
5.626287549954529,33.19476708085709,17.565766961109723,23.517865119426798,42.24921809202173,70.40316316355151,99.70951929854388,119.720329859076
17.56368142729669,17.341803008563932,34.07102887127546,36.77113539443961,40.73069782136494,50.35842776167938,130.37575813282677,136.61886021780373
5.790602486213151,6.550827209895651,43.192985281929175,92.88525803323807,27.33775085645105,59.31285641832736,125.17166986994576,154.61540108952352
5.272854487894213,17.673087198202563,33.09537209455143,18.754565776451457,26.173518602215758,66.79465541408203,100.71597935564895,123.01773474484418
2.664420689620094,12.120349116958192,35.086828560250076,61.836368828963884,25.558176683114823,62.16531810568623,100.23041043117733,159.8109299861382
4.54730187267715,20.939692405721097,12.820936463417182,6.62426933766173,27.56718135272447,60.7783705975667,92.24926957935578,150.34590932415534
2.79090578764451,21.25369531147441,70.13935067358345,46.62703528150006,27.639952861286982,52.54011183095751,116.11909399122902,175.28316012528467
5.1364736216740825,1.749582864134413,9.91828820890489,30.65270196153217,29.46711221182825,42.69772555704153,80.50675714464933,213.5119262835591
42.97107338733138,19.749059079249367,3.527053934457689,0.0,75.0,50.0,50.0,50.0
5.326000979028561,45.47200148326906,24.671599442860042,12.14024123615682,34.21906258994078,81.97253507631507,84.97252591302473,82.27757470269073
0.17901102035334396,3.5042152543302545,5.70720217429873,25.088133855010025,33.30770374115769,48.47054769081573,122.16710573590734,121.42795092370605
17.372504216772622,2.050030401806388,67.51518003754984,2.0871457779355116,37.57409371546932,53.97110637709673,132.52026658239413,124.69274955582951
3.7586377302839598,13.85584708620488,1.626696395879334,106.93975088041134,24.495849328918087,77.83784699995354,78.29998473893646,212.36677301930624
4.217358177913057,38.173760406710386,30.004962622413125,19.037119986429076,25.437218285225015,74.71433052254814,107.46682297939033,114.6730117628061
2.2479588180492756,8.499147344666829,78.20406658409138,2.809912229258233,25.896368958836995,47.96940875175811,129.87217050358,149.08030510223412
3.6703135101647706,14.286951791720258,13.584802157308168,5.206249824041504,28.313136654718843,50.56812932774231,71.75754830070508,243.40310737516708
0.652908186306481,5.723981372192955,34.422789966163855,92.26553652010949,29.242059840176676,48.673468036584005,89.88733397243011,252.45075635552507
3.950529494809545,20.544647189052863,17.24576324969197,31.20482069795163,33.16166355214172,52.41830927207266,77.15409695031056,193.0797147863058
38.825838938013824,11.980360248438313,6.456598187269336,0.0,75.0,50.0,50.0,50.0
7.152005223059211,44.846979973921734,19.656250476030223,6.952209453454036,38.36429703925834,85.59599945780855,74.27428282940203,85.20711895550238
7.872689869127773,6.129849654364087,57.9131742562047,56.0640112118067,35.476562680257864,54.24215885426653,116.70921321941034,124.28542442971533
7.908036796155233,23.97970486586057,14.644381294617856,78.52357298349496,31.974711556351746,64.51461444851694,78.13081892796203,148.4310225674334
5.938317339040165,14.684634686814166,26.352170350215932,16.680152892766728,28.55557077163127,56.363321954006096,104.41703445193079,103.57635201436396
4.768229123449244,10.86111242592638,62.08147994039923,25.13150981354542,27.209598528517812,56.02943345940173,107.30794098118652,137.8939249207416
1.4570030205748574,22.36099458934323,27.458901181499417,69.27331306802971,27.071233955358153,58.36772258682129,70.34111959879552,195.3666291606001
9.949181080053995,1.6953171243960217,9.781545120826319,102.88031149071001,30.24784983517929,45.76130251876278,82.7713160694696,164.58932635572944
0.7600763309223837,16.087651696680528,0.44183917437718356,4.974716186458761,24.841272300552752,62.96848346883965,91.26345280515685,88.00680811029932
8.496542356535754,21.910777457890823,24.961358432873162,47.99967094962201,28.772683297112735,55.65970301003882,122.75053505627436,109.60632903380275
53.654664367070666,13.994546817450523,0.7037262992856586,0.0,75.0,50.0,50.0,50.0
1.9773760138559375,39.898102815906874,1.8309010541807114,14.162853815066827,23.535471610201498,98.41063831785318,82.04134128639791,79.45424706751871
2.224463139142123,27.76823609304543,82.50200918207946,12.151355761239127,26.281161952481813,65.65539690799011,136.74692622292977,93.96912571022311
1.697775108095477,14.9940582884426,25.753695109061834,50.017331396888906,28.711388830660702,47.957856510543515,92.6924049512312,189.911175667144
2.10315972546583,1.4741069790712749,26.25568520448251,31.071489542874332,31.601498424503568,43.512036095430545,97.64297622352873,177.7226146438174
7.523099074050483,21.057798037434246,25.144370201555912,19.859581365385726,33.999094452818944,53.19473888551442,88.10189398761423,187.197151309643
6.146486155118189,15.3306111480116,39.10122677244136,118.3120269650748,30.898137509997063,48.24586696270584,100.13936866078251,205.06270726215396
5.294998749530665,1.346577513485127,2.6889607295017415,43.77374566907276,29.274379853989586,47.89836157929347,91.36318214459726,134.97359581679152
3.2653393848532515,8.746094268624962,11.342470503284172,17.290116302224455,28.550947646475933,60.700094877119675,105.85298733543829,114.80750748155641
7.234977733899073,32.593661108217255,2.9539186458272892,50.91285924719159,29.878085326968364,63.37822032186058,117.66464017477134,132.2839479683207
53.53448574759659,14.697604604026962,5.45159167255587,0.0,75.0,50.0,50.0,50.0
0.03530613397631401,43.70379361742145,29.809736100535062,3.247892909324711,23.655650229675572,97.58740191180267,77.99653369970413,84.20211244078891
3.781068903398381,25.482331256405967,5.507371724163551,57.03132998971635,28.34057529613565,59.16481809632569,108.85194468378364,137.22314528080236
4.72379909143575,9.3393572323116,58.621936729349414,29.24982079073641,29.15796604579521,45.71433882527273,142.91422375430798,106.31361141725013
6.53682374137369,4.656029634815099,44.32408730720195,2.5042961060932223,29.009133694660726,50.05424419819453,103.4541343639222,160.04507505536816
2.659524469306456,0.8273773100241559,16.909002036967113,89.47565376451314,27.051604046318936,60.682847655290644,78.44423837830135,219.11225815293628
1.4566477352122809,12.429088587698752,35.932706283181005,46.94049876307401,29.026229560936287,70.67492061747848,79.2890188752863,152.7321364844025
1.241308873118309,6.892631954125518,5.0097178890041585,55.869008009884304,32.148379975580454,67.20708616612208,72.64531948812774,160.1060845409133
4.275479479625215,2.0884449423802423,43.54295589411884,40.980373390641724,35.390400943681,69.29906660355394,91.89188258109967,126.48450344392707
2.784636408314955,13.097037340365114,2.7234122205622033,82.72311595368076,35.48881194200473,79.08684225227965,66.22125200651769,151.06923296604762
16.24756995620389,7.790679985854025,7.7673125571267505,0.0,75.0,50.0,50.0,50.0
3.923602065416125,35.95769393137567,10.944810417006876,15.319946834524721,60.942566021068274,67.20741073858291,68.77388819696031,86.51783332535979
20.915873165585843,2.4732524503367554,55.13304671800623,1.60677659125134,60.16311504633918,42.91660061027198,111.42371170989509,108.40469660624915
12.108807756122783,9.904474725110388,15.754326882980493,70.84072788735662,42.43853326940019,70.43858669174435,72.56913256137149,186.06667914898856
10.83792724224492,23.05760259006549,13.116820672396543,14.718164553764336,34.429481244727825,80.16417341798928,84.08845143587645,143.76958420865122
0.6654838878623422,33.024280321535294,43.52117858918356,37.380500812508544,27.998976501777808,74.73479105328893,110.49796447913197,161.8689598970247
7.64967419111847,5.955867928779146,51.08334502194125,64.61361900493272,31.941572483178973,49.58594901793671,113.90858182070798,184.96599282792707
5.168890832663984,22.635217029134964,40.60810657222345,15.364373029437244,28.78185300618116,60.050875842665555,82.30754269794342,184.42688367236494
2.11562694690884,8.744585103353698,39.55274350328893,21.90967441287301,28.19882182644549,50.78257927380695,80.9512105902923,222.76022425415317
3.570674937151211,6.382160528038159,3.0717436654768453,8.9715905754084,30.685660792990127,52.86474008141404,66.87008036163812,245.79692228943304
11.789260049303815,1.648422718408038,4.719977551390043,0.0,75.0,50.0,50.0,50.0
33.48228563110155,11.464905986196218,2.8248346777711637,7.709148793457245,65.40087592796834,68.89135809912882,65.67896593525104,83.47049831962309
7.621587172710708,3.2047007187920724,50.500457487148886,17.306244188573807,34.78147727458658,98.53760474648921,92.16372431249407,105.10656605047599
4.872044587125593,46.337041828875684,0.5385320840387164,41.92369472383791,31.555136471953883,108.10751406990558,60.62690150313118,162.78724902181548
10.874842249255181,23.741569491279396,29.30607519593352,59.834539733503,31.18531118446119,70.81027550029702,124.5887262973998,138.2106841288083
2.309138529391686,9.075316210387182,78.13006068601639,52.7652970625819,24.8242859313892,65.43859527069077,131.2831082692588,128.16150177341376
1.3067859522880636,24.03695105935384,22.7608770253832,92.35214262198255,27.20705646153008,66.53284049707291,73.63546971131237,175.33604440440416
4.447028436955526,16.73725102602478,49.92383742622575,35.44437643003336,30.53020420785611,51.59099850920765,92.20290188651177,120.45205321122285
3.4148347365159992,11.190182840480544,20.33965198408067,20.620016616019537,30.617201482877164,47.97055063467735,74.77164815015814,157.69469478261908
1.8405081967577213,9.726929301396247,33.04527329709666,109.67114011848216,31.73373345820596,49.04505689922231,82.82938334810706,175.03199092887817
46.89627782432074,3.743852669705685,2.6969574124982767,0.0,75.0,50.0,50.0,50.0
1.7431164947312214,11.629055818772645,7.034801599885293,6.052689020302709,30.293858152951422,101.90294592284809,69.79741602544046,81.44747818073132
1.1012151219731554,46.03580060557929,41.42446300543134,46.12929273648748,33.09195291794068,96.83388272591252,91.95780789230307,109.11641084863315
4.716813915600792,4.038914189366441,61.57815141972373,2.4595215945278586,36.44329904940085,57.21822041881759,112.34698275461298,128.4701920409631
14.58427591655249,32.0031313840576,17.557794337436277,58.12985601941921,36.06257509181384,66.26005084017041,68.51009079470163,209.35920814410886
4.019816808261249,8.547775734197712,28.63245831326288,20.13358563278259,25.828185448678454,56.647604148287115,100.6104469890509,177.0312553559844
5.29725335892234,28.665234340608553,40.46046292934756,128.1969748401863,26.47485814205772,60.516027670714884,95.47306775421724,199.9418171612913
2.6932142609466285,11.31631876607016,42.59003858006359,50.7746917104306,25.8271866653964,45.31806931793401,99.1272064415482,122.34985242405625
3.4400429263809436,3.6532518592417573,35.21625220489365,13.947339487711748,27.800487696615654,45.66845255638894,82.94842733572885,136.6991159212812
0.9120842968853641,15.43200649376044,24.906659209141495,50.30901811588184,28.974060987191297,54.41280228619037,67.94914987409784,178.6537765507387
19.752733103288225,16.112818460558593,3.0683370960398815,0.0,75.0,50.0,50.0,50.0
1.1154031742918502,9.79147949301337,7.9315114422208675,16.937258545368618,57.43740287398394,62.39043541096268,81.79500213275176,81.81885786427293
12.356615475490884,25.40669356842592,53.639195902967536,30.014496861086492,59.67337890610202,61.76933830391213,100.31348789494375,99.46968125971371
12.412892842544805,4.51526790534699,35.81814378687076,78.64182294703006,50.53736384206691,56.81274754127227,87.05802171063861,148.15542548340332
3.3223617538667263,43.0713122921077,30.45819245594722,37.610590356628954,41.848001945093245,73.09739636108296,71.9703813386592,124.39683754959704
8.3634062480376,8.577269282919357,16.822871724659635,10.45469331682388,42.65026811003449,40.679209684909125,101.99586850606893,139.52709281981166
8.759086814925585,10.420369484044338,15.298255543653541,22.510474308224136,38.37761489582767,49.6381757772489,108.55770158476432,166.19291865161063
7.946961672881064,10.762119066347788,10.855037999511268,13.318950492219848,33.88228817684133,56.74542471874116,117.79899483019602,175.23414147616944
3.839473977291908,12.20343142798446,90.3318746214446,53.90843506159371,30.36143159874889,62.321109629446696,130.78380985186496,187.49518293575443
6.59226637607279,12.269686135930204,13.818142879881545,170.09659914796003,31.06112016597323,62.0164486519398,64.12752341252961,236.44420605599979
47.87504613892598,3.3811084027873717,3.8640538837034066,0.0,75.0,50.0,50.0,50.0
3.6529100155217002,26.613090254314994,9.761203878866848,22.396141242839146,29.315089838346182,103.24445850437166,68.26757528731702,82.61457465193645
2.99108321208921,31.580325579802555,19.105997924771184,6.625945817387591,30.23255411777475,84.96403271415822,102.7910403152807,96.5709339007746
1.7044740389659137,13.353068811209242,40.01764489796911,20.71850492881423,31.784536855711693,62.76968804566935,129.99166743145926,134.3952577633306
5.662666135568023,4.747600997475582,60.48050551361215,101.32066488364386,34.57501947244763,59.152369805409904,114.90194917971182,174.69051711323502
6.9406757388575455,10.061517218888401,28.524224909030316,70.91679309624007,33.314756432134864,68.3189535899735,72.58233152332502,148.66945716879925
0.9324358235374705,42.26692677613298,8.629927090415865,49.9804767322162,30.819246841020355,72.86618742350824,71.48783862243937,125.26625070565669
13.747508037086243,1.797631074153933,32.524705111718276,5.483239502887939,34.4119732067707,38.87930442846279,122.5717586602504,106.0903871351507
1.761204148788773,8.096970254931085,56.34490293178787,70.33614812925694,25.07249007039961,60.07357163187593,104.35156212495959,157.5148182549616
2.7290084179458836,9.942612735894336,1.3402046673385193,78.64924872312348,27.997003972691715,61.934473632519214,70.66888112164226,161.1693489428942
22.3421343326064,3.995683416975082,0.7693547357098873,0.0,75.0,50.0,50.0,50.0
18.015306178300065,17.124694469666537,6.599663472059683,0.9831405888429999,54.848001644665764,77.09697168386435,71.97684944949825,79.51987550394293
11.383324420476773,54.743797644832,46.111810768410706,23.7736739540672,40.32929786811807,85.01855520110912,99.91378304857234,111.97802416051815
9.635865054820446,7.396881052852466,59.32389925821997,71.0101601680089,33.132967742028356,48.04835689099853,123.5626883907763,158.05971618815437
5.5771005782108105,19.795675374975875,41.198193558034966,3.886742397417402,27.94830633522184,59.1334626950614,84.02121169912716,163.93396540474615
2.1898442757496994,21.62879747113599,4.402622662540409,85.04139431246041,26.98070268564142,53.16752346294994,79.09306316299936,217.86834910596494
9.066723285734577,9.327001018757665,59.804912369023725,11.957862804816838,29.426923409854908,42.3158432909075,113.19464179316927,143.6835802279985
4.777551887543455,10.693085842887848,32.66538641537634,9.883596436563195,24.92729069895524,51.16051743374611,76.32388935365557,211.24362543643053
0.5456058637354031,14.032100248960388,28.35579612343122,148.47078765806467,24.839086074654993,53.9368550295769,71.441747792956,241.87905172774654
4.213703251254812,11.042964343993598,8.996918468540716,44.519119671290696,28.985021833475912,48.996473655984545,74.56826053681853,122.79573000466311
47.50243349875005,15.272893846268277,4.679107785764852,0.0,75.0,50.0,50.0,50.0
3.7460189075777457,2.1283943884539744,0.827881115902621,3.8415978686870864,29.687702478522112,90.98006042071482,79.34430682873646,83.4296285539979
2.8719494231105562,18.991893434550214,1.5337279838669837,3.9367521887339394,30.501068461772054,98.46470645331267,97.50036234538703,106.93969631941535
6.0405072578615355,49.19648246976134,48.64095832258368,11.65102178306745,32.16403357051258,87.50494267128653,130.21289473297864,128.8295152558981
8.032649775183422,3.4863839262942795,83.41601857767654,82.3043244952244,30.6063529671162,50.52529404399406,142.31465672750218,187.5438659088167
5.950163086094508,1.186236181975702,12.627351836452046,62.93548415291234,27.105401892400096,63.79570022237862,72.29244027493218,201.17212126467166
1.9116473299766141,36.99295703325061,19.502518953178686,67.81881253377885,25.78793238113072,76.52606149684709,78.24050165983294,160.76508841993635
6.004305125705438,7.55244784482473,30.631442384355136,31.196190102171087,28.54381317569993,48.51948987311416,112.6732735420567,129.58168157200356
5.929242383193228,22.882174898057823,34.01952291358498,32.26457656180733,27.132188730467554,55.794738482477264,103.26006801048008,150.6447039963437
5.529792920220515,7.201603787187496,24.681567844137298,86.47138496741533,25.834913673389543,47.28608701225416,106.80086844964119,171.0956057366536
45.65524940255586,13.916771059893104,3.0631535572415016,0.0,75.0,50.0,50.0,50.0
6.138928288346694,35.86723357475982,34.79781935061834,1.5843331684198978,31.534886574716303,90.4889991108958,79.60413827088465,81.81367432547455
3.4094988802467374,26.503186535185897,47.712259287377016,33.65082949263147,29.89881615737821,66.67214935610342,97.50848829276501,141.68415415823654
2.027556075769754,20.73946080709239,37.316072826107494,89.39425525044895,31.042414264290876,51.357520217445256,91.5529926707419,175.74193228567682
4.283228841523733,10.225668266220872,26.55899719718607,60.50481879622977,33.5331198252512,41.32739771045904,90.79125772282002,138.30050525028284
13.122822954408477,9.320592658795936,22.82923604918867,9.893183686317496,33.687761284617935,44.531224456426344,90.34206254530525,124.82162657097173
4.087214095699483,5.943418554072266,19.75253853084779,63.66101429756853,24.99761302053146,57.34226744440317,92.75812385384472,159.98767312269104
4.742785052895203,12.79428771016648,2.0050131318618014,69.12449917353419,25.597991135106128,63.84289600641087,94.65313562089486,133.3356962551542
0.647536278057729,11.47160961155268,46.19330968309895,24.382914788020084,25.527613286123263,63.75481980562683,120.9694881247467,87.35332217752128
3.2308111255951615,21.912851635398738,21.13097807979437,8.630325582484877,29.55428287516161,60.899784468081634,98.94881170116946,135.35326594900616
16.151658684542937,17.608404609894066,8.287626000659094,0.0,75.0,50.0,50.0,50.0
38.36430431768023,14.797629520781282,35.15563785715944,11.027765836425846,61.038477292729226,57.293774842881916,78.07129937746802,87.03814676889213
5.525687672720955,55.24163161570356,31.41070990624394,19.574933510764843,25.812481638522407,89.22005911698818,74.66882208638833,137.38298000744913
4.743069220167196,10.242302143830614,67.81687175578953,82.80050142800518,24.953688854953356,45.5292840221274,115.71461703233467,169.81137272096626
1.0723423882256777,17.47518845619207,17.589018945622914,7.280975385048669,24.899308651594115,48.99395129119456,71.46004184738366,170.47898449760683
5.095508142225144,6.289481916331722,13.422533154118842,100.5993974490452,28.517010507520947,41.39138169695924,88.79511507326998,196.32577233753335
5.480723374878624,13.883907096089077,6.525774255496531,12.723181162530803,28.014947529460862,49.34102926363349,97.72495610335226,120.0005673295307
1.3235858747295455,5.701025159782866,35.276487691103924,26.194089677474075,27.141856840825742,49.72107081217537,120.31560226699521,136.62036023188801
3.6270750658014275,13.24390994805249,39.89689544813165,5.949077283625853,30.449975992879896,54.1080483309904,103.5196675316879,166.39920198228737
3.6337672324936823,2.5959271927771215,23.86880204246598,72.29877463413267,31.35937204658748,53.028087173378424,91.51808608456686,216.5664731951373
24.511363696930662,17.801073885608307,3.6933008665420552,0.0,75.0,50.0,50.0,50.0
16.72427814374065,31.021124298188948,15.476894369722048,5.0356186608840465,52.678772280341505,65.4608105795554,82.85829378729929,82.4438216347751
5.92912500691197,3.600970945598583,73.94591036139953,11.578262878918045,39.5676092663665,59.02293542258036,114.97370186354142,119.49045408820817
14.410107867448847,10.839270206265908,17.76592286340661,41.649611180211636,37.855890649430094,69.61024720594727,58.03383849072521,204.73609350339626
1.628882927925077,40.18350112974784,24.21595252745044,121.34226055497832,27.72941968172157,80.76024777748475,69.4241677134631,190.04008328238785
0.0993441142463411,6.9064580257426975,61.44498887586021,4.55108071907606,30.716125663882046,48.94806455281453,102.98379412239969,104.96465502988111
8.066443606885946,4.6176140701838895,1.288239533217892,109.91747635539885,35.145115537838365,50.94347243888328,63.151800715701384,186.35988379978676
10.586327491755888,31.294631371993535,7.010168754117119,25.007733270451382,31.461209488976934,63.095244482115916,84.48842546656208,90.46598387830826
0.17812514286414288,5.961856667023792,37.67669157111865,4.206017229687548,25.380059785199933,50.39775610419046,125.20798582037793,98.3819515754029
8.128783388897574,20.926861366946817,2.363832812526685,28.795510640281865,29.879895501031807,53.34459520690975,105.67509580960947,157.02092487527045
