states: location[$x],states: location[$y]
0.5490575767772742,0.0
0.6524414170312021,0.0
0.8632622027479826,0.21444318024852996
1.2758530338656002,0.8470373775988873
1.7589399594429538,1.356102048532133
2.410664787954917,2.10727599896602
1.5203232114029137,1.1164945530023043
0.5827279075771264,1.5191465698695552
1.1328357429516287,2.2044412893641177
1.554272557411644,2.2044412893641177
1.70973416816568,2.909308996278581
2.54968803701769,3.1078357776206706
3.1058888775015383,3.1078357776206706
3.455999006299515,4.073397365049736
4.319051871300261,3.907509494574896
4.3205330884377995,3.9870420342147304
3.9357690362174527,3.735002138553028
3.94471640588152,4.215769299418806
3.9034954790516396,3.591297277731996
4.3459402495948005,2.926009732266417
4.634869660417602,3.359046590212394
4.905916500775867,3.125956521666048
4.9470895860359265,3.3220003923596293
4.969735710383935,3.6990615665158004
4.981842331922226,2.8980525679563343
4.979231586428713,2.8980525679563343
5.009997014522563,3.4417825034891396
5.018765847916283,3.907195960780754
5.047529493300952,3.907195960780754
5.093341034394514,3.8122326607142694
5.145791347817952,4.020907657024647
5.0575104726655145,4.579525554218929
5.01392859890773,4.8391686345792335
4.9970745389188345,4.95518059567619
4.9972853005634,4.992805433329815
4.987563711611512,4.977581244859343
4.987563711611512,4.976703001040079
4.9899726425326225,4.970677060684731
5.001520450530336,4.9829015272993615
5.009255361882502,4.994160565719877
5.026906926112588,4.994160565719877
5.040207217564086,4.987972892056621
5.058195419857058,5.009999420121184
5.021134910880379,5.0131268509744835
5.027351393936401,5.020810519586394
5.027351393936401,5.020810519586394
5.034133647732747,5.010588550410369
5.053150291982344,5.025987886058459
5.099742785261101,5.025987886058459
5.127453887537777,5.061969923215526
0.3650142543610578,0.7419572526815539
0.44942266015836363,1.3202026806178186
1.0602598402162442,1.4727278571803224
1.0239209004039658,2.1144617605967304
1.4361964188285,2.828603517648119
2.17092650020072,2.1110115338836097
2.7474599641087902,1.6612276907063983
3.70131315080137,2.1497088876319372
3.3922701973822686,2.7303174132483177
3.94699354747788,3.10354118719593
4.364732244360567,4.069474455778166
4.615502377289562,4.256222017117316
4.792501181294078,4.763950899375879
4.968777982138588,4.99789413709366
4.989026510009022,5.006174547568373
4.994839606633055,5.018422732721156
4.997651531891621,5.042650236581049
5.0065215369197835,5.095274631098172
5.013390494478468,5.136759041219364
5.030563429610566,5.282671809959944
5.030563429610566,5.389503172329213
5.065706525306447,5.489107168803484
5.114472406155972,5.720182659559839
5.171984275012758,6.125875975632578
5.327997029070663,6.229629486310357
5.65471690088458,6.577568076360055
5.957636523721903,5.7856081809972295
6.216386611512251,6.05108040539471
6.216386611512251,6.6094948640471
5.9478146066566655,7.0421759636544135
6.372919861117533,7.018292380598098
6.825839472923832,7.4864015549147
7.17263173612413,8.452401156995752
7.590909466013466,8.86422371225488
8.058047541133567,9.199078494282594
8.391543302562718,9.613407928226776
9.276505504337324,10.0
9.435360111199525,10.0
10.0,10.0
10.0,10.0
9.878455366658795,10.0
10.0,10.0
10.0,10.0
10.0,10.0
10.0,9.42581861359925
10.0,9.649568186708109
10.0,9.92758273336224
10.0,10.0
10.0,8.992664041191528
10.0,8.701490523240217
0.0,0.4483409692482755
0.9156633491848825,0.7784222281872873
0.9156633491848825,1.0314513956790425
0.9156633491848825,1.4703706951703923
1.1255006090032962,0.8847995411210848
1.600169901457921,1.2481332269179661
2.0492805022700766,1.2481332269179661
2.6353427432263423,1.558456393120312
2.6353427432263423,1.0275818067769578
2.5408265761885818,2.0368730822404943
3.0357549703966185,2.3708956214412575
2.8839987834483543,2.9047497592113425
3.682114138490339,3.0122248534793203
3.7330733852740936,3.1580831538303924
3.988106361347158,2.364224771573443
4.375814920623338,2.3642164716827376
4.531230171659465,2.8633950701190045
4.8819316837537885,2.3684242151434365
4.997013679702462,2.7146592894620176
4.991345376196983,3.573278230805797
4.993693546064534,3.573278230805797
5.005196029606999,2.989591533837662
5.008175434238631,3.9300443454678224
5.020212912435074,4.2432843710870545
5.037714709971095,4.746604080052943
5.060315366271726,4.685066370940209
5.130557697524131,4.723951439546998
5.029196458544843,4.872759380516316
5.050857941314068,4.950146387010093
5.072181490863423,4.972746213579231
5.127112876012908,5.00687171825005
5.215047518365625,5.007860182738417
5.4368402425602005,5.0190843584734335
5.857862148285118,5.025750674561902
5.857862148285118,5.025750674561902
6.383695407325699,5.040424700533214
7.275471480068469,5.075122009907081
7.275471480068469,5.114454742666456
7.640409852639453,5.188591910106557
8.403436938450994,5.188591910106557
8.60808601433811,5.320039590891008
8.60808601433811,5.556233585462238
8.05111681305677,6.045560747179498
8.438971123073344,6.36133989321239
9.445111851325427,6.035906834416811
9.901996329487549,6.203115741498833
9.901996329487549,6.203115741498833
9.901996329487549,6.203115741498833
10.0,6.703384578656415
10.0,7.154307955832042
0.522669188772785,0.11352990808079497
1.0458133586310052,0.22583403955421233
1.4447097207833715,1.2164915567224006
1.4750439630409526,2.2019322258064227
2.0563659645962886,2.833746776841407
2.6357994109452543,3.378029750756679
3.5331764310289313,3.8620699679485315
4.080310494542359,3.8620699679485315
4.362924365803464,4.011377547592299
4.362924365803464,4.303468176494671
4.230848752019219,3.888155193045206
4.238391017861356,4.167046416446142
4.697151202942371,4.115360118011947
4.650122434053768,4.450481187716441
4.77778969793225,4.921078992034379
4.945342184783753,4.921078992034379
4.9707338884767776,4.986239503311621
4.98804460507201,5.006232351801251
4.999534383476306,5.009537360134515
5.0066811981027985,5.011862461210108
5.0066811981027985,5.0226212814269475
5.00553702175933,5.042867833687919
4.997516015768266,5.082168876266017
5.0035811730212645,5.108968542149589
5.0035811730212645,5.177654293823814
5.0035811730212645,5.3634628996513625
4.990457981674638,5.705747533907152
4.999252443405961,5.705747533907152
5.0023598827333,5.160515698187615
5.006868145747175,5.009050999557947
5.016080834287985,5.010398800838142
5.021361549048832,5.010036013330873
5.052719849486664,5.010036013330873
5.115390910337309,4.996817545105884
5.006907930431795,5.007407928398733
5.017856998126821,5.01684735994942
5.026351852657673,5.034003923954955
4.990576393359334,5.073038028606962
4.998289002923854,5.11836149692314
4.987228522927164,5.232266722796595
4.999576831263937,5.293405454593017
5.002700917759313,5.447655751736034
5.006280890662567,5.58928917633816
5.011376330152178,5.90689756676557
5.020413788907865,6.26920279344099
5.036223656481104,5.995044039234534
5.036223656481104,6.6724096786507054
5.076961938789524,7.323904076098087
5.019853180976347,7.733492933228042
5.042693600661061,8.454291084423346
0.7373681842843589,0.04331648411539817
0.0,0.0
0.3917018418021307,0.0
1.1801016267920599,0.09296045076079318
1.9589291801365607,0.8157748379339013
1.9589291801365607,1.309433903721585
1.9589291801365607,1.8059580322794833
2.283312961100348,1.5647915531836745
2.655668541678093,1.5647915531836745
2.3100268766326106,1.1925068414344153
2.841031775183274,1.405882958947543
3.074757684499483,1.0112324377072608
3.7518050419665157,1.2839875064204496
3.8103606423045178,1.8721616628787583
3.8991283964200854,1.8721616628787583
4.011086402568752,2.4080690634137656
4.1135727802250495,2.4080690634137656
4.80269483585013,2.8582194278054
4.84221915073689,3.841007861221306
4.9304462736432475,4.534620636320349
4.949995002675063,4.844719019400995
4.949995002675063,4.938297029621174
4.9641797762301465,4.990691184382434
4.9641797762301465,4.999678337522657
4.959562737969809,5.006409883173025
4.985034556416543,5.015542001205451
4.9942944856581075,5.0306603300609325
4.9942944856581075,5.0507714785496605
5.001575891117938,5.0900884325734665
5.008556420835071,5.156038934857984
5.011052220127534,5.191091013761764
5.010302775335284,5.230906024073707
5.008951207679865,5.428660255081458
5.021494916143854,5.312433148570628
5.010173553008522,5.258250821309259
4.991257122697576,5.424937166200917
4.994351423534358,5.597731982071883
5.008347243562697,5.916644638950598
5.019362359167372,5.186744470517775
5.040634300422174,5.250787752012453
5.055796298141307,5.250787752012453
5.095980552740134,5.250787752012453
5.116771249312119,5.250787752012453
5.040467020301012,5.506446770011269
5.059907510676693,5.124226765029913
5.050994698611687,5.21875120897477
5.069371196651693,5.352144649680592
5.088628326186195,5.442465936762428
5.174649251604492,5.687164424754863
5.183296278536035,5.828178799039963
0.048482238247929,0.40560365922669406
0.048482238247929,0.9942366036306312
0.15294287108369192,1.6519930604449682
0.44100630466875623,1.6519930604449682
0.163293399891958,2.5147006161088967
0.5320904865625284,1.8335127607287989
0.8997956947677426,2.7165503762238927
1.8703170403479374,2.837906128694635
1.9821116100713547,3.8217637591472995
2.2781647159146003,4.352594963793615
2.7616418289277425,4.932515425852909
3.067341685467476,5.0061860425963305
4.036289416522704,5.0147928500481225
4.5554463758129415,5.030938971824716
4.5642276287874886,5.062467954368922
4.710986510389535,5.0529713796054985
4.9415729968051565,5.07184525123642
4.976732117005636,5.1494707529493144
5.000989237430588,5.271244827428623
4.996263859973689,5.271244827428623
5.000380622819348,5.419123830196459
5.0053353180915705,5.45474905096861
5.0053353180915705,5.713790923440512
5.0053353180915705,6.103479211995575
5.0149674286087755,6.581918559305337
5.032965296267207,5.998438297258649
5.032829904945693,6.140443158519876
5.065535555918083,5.884586655785096
5.085575071619724,5.94291211693566
5.18094186192424,6.089179248033472
5.170810008383478,6.442310169730708
5.170810008383478,7.035715050051512
5.1696787401089335,7.812527317762385
5.19754561192069,6.86547710692245
5.328869666867831,7.3015461340076495
5.553823888221633,8.077210402414446
5.833268062228461,8.974655081009116
5.505349717759219,9.319841441605622
5.699978217274401,8.585332585133933
5.218065715816528,9.011001862448614
5.013852947754375,9.515452324259488
5.022488815612818,9.363951411298588
5.022488815612818,9.811841623585671
5.038852518351843,9.627536798215756
5.0124224924832905,10.0
5.025600236978265,9.913090295178947
5.025877392162092,10.0
5.028561730342895,10.0
4.991522003438417,10.0
4.988011722649675,10.0
0.2244875185685616,0.0
0.9802835359092926,0.0
0.25171836855970875,0.7861629653692785
0.8607392127543204,0.6901859344023431
1.5965454043215115,1.2210977393476607
1.5071620312298448,1.8438943096489524
1.729027526421292,2.3423299943578626
2.37501004414428,2.9199952536816984
2.37501004414428,3.1647235157469034
2.74714790252142,3.1647235157469034
3.1885598701290236,3.601884729930988
3.1885598701290236,3.601884729930988
3.8056606675419427,2.830140801770943
3.9949938677566226,2.250230329722628
4.224685635965445,2.3747388010630766
4.224685635965445,2.6934465283209867
4.479225617896093,3.268088663582044
4.747665547579192,3.5503986888109655
4.977268555682311,3.767020916344859
4.997971755173229,4.5609733927588385
5.000925904471551,4.465013227659949
5.001721581906704,4.229967059032074
5.008387221155427,4.460475810217838
5.019722927309789,4.723650899327381
5.022665500830195,4.88753727213874
4.998978770928662,4.909706033415311
5.006972128629067,4.964463112763455
5.011639530831521,4.964463112763455
5.024166500244461,4.967874027954896
5.024166500244461,4.994372050242585
5.044353551410716,5.003286254779737
5.063143694967001,5.008098392253867
5.034671401577218,5.024019982096655
5.027590873030699,5.033638857881746
5.053649927682609,5.045610919073716
5.086529527977835,5.062428979474698
5.137613631506077,5.104228431937279
5.127830734117145,5.139359184405923
5.1637620128609925,5.162056442314559
5.134498224335825,5.221343429762122
5.213222153462542,5.425175100750116
5.286076257506726,5.425175100750116
5.268982073327354,5.793023105990735
5.5416594721315455,6.13734556547913
5.524219648472087,6.51809371201135
5.742554042797407,6.898244449012335
5.851059725574459,7.46476408668767
5.365135783900927,8.315414854750859
5.397359541289156,9.135988326342437
5.397359541289156,9.819406772976434
0.0,0.0
0.1543620099943739,0.23204030476518595
0.0,0.9696503257852138
0.8760512362788214,1.6169214321947045
1.5139436250739897,2.26265599117535
1.8220377160402024,2.8626007279533545
2.3218463438645376,3.8451529562932536
2.3218463438645376,4.347820977323732
1.709526303951387,4.64411074738945
1.6466871774297522,4.858232211215106
1.6466871774297522,4.908466304406596
1.8160738656012385,4.939666534307132
1.8160738656012385,4.99149375459399
2.612560954834101,4.999918251256044
2.612560954834101,5.002740351322059
3.065429060282872,5.004605052068552
3.584590174535089,5.009360496183586
3.9848730267564316,5.018255895540775
3.4506483133088657,5.025744731826383
3.51130841920383,5.022465212117896
3.51130841920383,5.04192706645383
3.9825631931932475,5.064715543851718
4.522896457490976,5.068364757249685
4.775926513693483,5.111490023236747
4.843831966489488,5.176098197128137
4.827319714829718,5.319660190922181
4.697411023154796,5.532806750644644
4.945936497298658,5.776068061299525
4.981734699189686,6.253716582249069
4.993446568206193,6.566980855867203
5.000606013296599,6.1529239689378326
4.999333275908364,6.651059448288405
5.007308617404429,7.065098073580801
5.015384669041054,6.81821406816537
5.034814331722789,7.270901683536375
4.993102372796023,7.612516480481691
5.002683545761429,8.209625308392111
5.009596797685301,8.588095292668068
5.011792844472983,8.96204777120431
5.000124611366435,9.633228179134003
5.003493273431731,9.280347117810654
5.008458209429717,9.018495113490458
5.0157737337476584,8.552352577860365
5.037640839449738,8.442609947320662
5.052668125368149,7.468943270468694
5.051544402378772,7.468943270468694
5.102416609730888,7.570724058897781
5.185047624816531,8.191131582739114
5.284275488471984,8.656021949418095
5.261382371332227,8.802597968180155
0.0,0.2259695068037194
0.6547763706064507,0.9585053334817859
1.2053337684427823,0.7009074096757812
1.4112481237760366,1.71053859726804
1.4690477775346091,2.1917314914326407
1.4708462066671413,2.7544369663894956
1.4708462066671413,2.125936262463447
1.8266737351790243,2.5362994070912057
2.0687159533693875,2.7985074768275853
2.327102948886405,2.3386964523120906
2.3800118257938063,2.9473238187937247
2.3800118257938063,2.918951453143168
3.348748619434292,3.55843064378338
3.525921567186993,3.5678014348989264
3.0491648555487387,3.8927286011503894
3.0845926250115574,4.664804896874927
3.278469801249222,4.826090245384174
3.278469801249222,4.821012209968527
2.5873117384743027,4.962770816070718
2.882652595126208,4.962770816070718
3.6646963503608263,4.965784516422233
4.060075817300549,4.965784516422233
4.3444441914791225,4.990851398158032
4.921272906411364,4.9867435907283255
4.972886051326801,5.00035658917286
4.9834964264657176,5.00035658917286
4.957984366311776,5.002304987260964
4.974440350633018,5.005014371962554
4.979586815490087,5.015389516248458
4.982402199226126,5.030760612690028
4.982402199226126,5.043883037777929
4.982402199226126,5.083587137777439
4.978004440673665,5.143117079320161
4.978515146085479,5.228517022037263
4.954219233683692,5.108627129379318
4.983172542773458,5.09402748720742
4.963624624928967,5.160238905224083
4.9903003802190335,5.195489262221051
5.000553539453286,5.120305345200585
5.002596105207677,5.147326077262097
5.006453159398109,5.20261740965096
4.992748777524023,5.256968264516563
4.996179802990958,5.2824475375410564
5.001846787726814,5.079446186790599
5.008110303116859,5.083804612442713
5.022045641546088,5.028027671814521
5.034667544479108,5.050488940391402
5.042645659536261,5.103070759723182
5.095265485323459,5.215778070281929
5.095265485323459,5.215778070281929
0.39371673009920394,0.0
1.2347411591140562,1.0099092042625952
1.2347411591140562,0.8098722606610982
2.064045357055603,1.6729418156055869
2.5409824884768133,1.814655874535851
2.5923848625025587,1.9310214707747801
3.5499232300819954,1.487635852810067
4.1353430635752915,2.27203609189059
4.604995889128727,2.505342277984186
4.604995889128727,3.2017715695661906
4.604995889128727,3.3169761632981203
4.676865599513866,4.102105088681654
4.791384658176572,4.827376408265746
4.916183324005586,4.953376369335882
4.932868308475573,4.94589561150488
4.956405673034732,4.944850338199587
4.917986326558306,4.980132182150568
4.884044488661664,4.9790818032900575
4.777875280236403,4.9790818032900575
4.80528042274551,4.991375922204741
4.872840536744524,5.009700913828387
4.881244182657621,5.000094228840021
4.949621872937063,5.002218448155608
4.914917714343269,5.013555395299675
4.952906841755761,5.009892962362767
4.955432846328468,5.018969211537319
4.955432846328468,5.0375616580778795
4.984208157090664,5.036732335626626
5.009165360643145,5.083448159619369
5.009165360643145,5.141245480159693
5.002980335201353,5.26860525933698
5.010014150913143,5.26860525933698
5.000699117991918,5.293675839761526
5.003631842057356,5.4160015536785115
5.011120323639414,5.215529328029985
4.994258068506677,5.318152091439285
5.007718948285115,5.508794130432295
5.012975134768146,5.777493750029219
5.022215790096716,6.438759579745749
5.022215790096716,6.579679283915117
5.030774682471867,7.031300455533235
5.0528408562621845,6.343838483128835
5.085926916616479,6.650941217776395
5.145449489363498,7.4677336000267776
5.145449489363498,7.2766414401585005
5.258759241730961,7.707856312934596
5.228905460099552,8.340176038057518
5.344083543814598,9.058048287888475
5.647067570932065,9.870146918024203
5.948182297173533,10.0
0.4411359240279514,0.7869518532319623
0.8551256415598267,0.2955305578769457
1.2454642364377495,0.7213373896865625
1.8135792267459598,1.561408959085263
1.7698754142293753,1.2889791308373335
2.255301927626029,1.4388721134261746
1.3019045452399984,1.8435578821095553
0.3454296516420422,2.562201776987502
0.5768320494191683,2.562201776987502
1.027023264729681,3.386658048019242
1.3061953320581106,4.3203104150715825
1.3061953320581106,4.3203104150715825
0.7217032640010556,4.0943241073966234
1.438459305239106,4.677350295610068
2.309649260230121,4.8346526024606575
2.309649260230121,4.8512702588052266
2.087911118102496,4.832018069618994
2.4770757368852725,4.760985409057844
3.0638860475295777,4.676216808162433
3.0638860475295777,4.751796722662435
3.116317635705333,4.874192437875336
3.7418877283490746,4.884428211921845
4.278479764033957,4.882404093314807
4.278479764033957,4.800506767229635
4.580364520799434,4.844822591826073
4.68969334633118,4.888694337870894
4.745801608807712,4.944462195146335
5.002534098984965,4.935654593272075
4.998054571827399,4.98198015201384
5.007701013367971,5.000568065393334
5.015173032906643,5.006327591136036
4.996908584373778,5.021453626988827
4.996908584373778,5.04999459894847
5.0035702150119326,5.04999459894847
4.993162123072911,5.109947586333523
5.006250237929293,5.212802983661892
5.012238967419121,5.432450838338246
5.018333984692254,5.672186148643515
5.0464705860022905,5.907924526767067
5.075216074494299,5.586318105559468
5.114410760859167,5.7719028396164225
5.21404635449997,5.690797594700689
5.036369566561126,6.08330682041156
5.048578580134945,6.08330682041156
5.042568168643468,5.984275349918936
5.073115894153501,6.545959801420355
5.100311196755939,6.944589775106413
5.100311196755939,6.944589775106413
5.032965085733531,7.588849844512631
5.053066144164979,8.365851570646583
0.9424624877234654,1.0099092042625952
0.6151223718012498,1.0099092042625952
0.6063606049752603,0.5986470893512956
1.050818930974354,1.6083464830009224
1.5277459377874205,2.460548516414936
2.1053993264692648,3.2467901630123657
2.5979064526862112,3.6937921811819363
3.0059127557523686,3.6937921811819363
2.2554926302731144,4.31755356304783
2.564293085616958,4.755498682187895
3.115042329641955,4.936131615507123
3.5691812019782025,5.009878000937802
4.033805967080082,5.006611488060157
4.540331581671853,5.006611488060157
4.585064992559759,5.00696781222666
4.7366460790628775,5.014698772948031
4.829296997381897,5.027885005499802
4.9062530793311545,5.049553144847067
4.983439316773568,5.060446538001285
4.994789502489815,5.060446538001285
4.9984269739504885,5.0835028301236544
4.9984269739504885,5.129747538685059
4.999157547883341,5.07522970845813
5.002387970929446,5.12033869769751
5.005500255904683,5.212461116277297
5.015293876322149,5.3872587455487695
5.036617287935911,5.523936187299976
5.043706974850157,5.523936187299976
5.047893159220156,5.634347656716798
5.105749733620232,5.919816566863171
5.105749733620232,6.35768640641151
5.138892776541837,6.573236181668447
5.171755010987385,7.462196619141337
5.171755010987385,8.417052533686274
5.3122723509070005,8.9302504050437
5.291350823026406,9.475580814680931
5.498987305579863,8.509905356312052
5.663983993076369,9.163985377162145
6.031022851152716,9.46614786517752
5.655413467392848,9.547525039993825
5.9604004079067066,9.76123900226227
6.297187159677069,10.0
6.740910781388548,10.0
6.740910781388548,10.0
7.4185288298830905,10.0
8.0019723949028,10.0
8.342703524411183,10.0
8.668034221161243,10.0
9.324973244338896,10.0
9.324973244338896,10.0
1.0099092042625952,0.667597193020127
0.027377742631812585,1.2054322184900288
0.9022589317825994,1.0229894422077948
1.634864480372726,2.0322871950366546
1.4069053986405287,2.741158859830475
1.5811157865888137,2.741158859830475
2.094254118786422,3.2179337453577412
1.6550561305460498,3.865101501393877
2.408965665953035,4.627189567780291
2.4452037469038856,4.627189567780291
3.188808014213986,4.885170677647865
3.8418683297337157,4.993544762288516
4.1077231920849835,5.002454680214641
4.1077231920849835,4.99900974622885
3.6877830665553217,4.999003878260059
3.7476968337629737,5.00999999967053
4.032069063908107,5.00999999967053
4.032069063908107,5.026888152180389
4.6319318034796755,5.062493259937412
4.948098585673188,5.117444888059048
4.907547862880174,5.14245398300319
4.942825490533001,5.14245398300319
4.965175880869253,5.112870669261078
4.965175880869253,5.173712774240074
4.957831137493651,5.286793393645013
4.99269110457546,5.456935560656588
4.996640703566825,5.456935560656588
4.995308009958865,5.456935560656588
4.991122902010533,5.596031709627289
4.998850312811483,6.06407659144163
5.0085061514686995,6.618117027717963
5.017778282084735,6.131242818070272
5.025173521178708,6.033974759004262
5.048901200879113,6.364810635030516
5.0134395999557055,6.750080084956631
5.0134395999557055,5.863471272073265
5.01861794090808,6.279722580137514
5.032346444345059,6.279722580137514
4.999613292634758,6.673608975036322
4.999638583364497,7.359224288180342
5.0027523984727225,7.806010337331174
5.010548131241395,7.436909044012474
5.005227400569026,8.014818099118846
5.018279609321878,8.94408872081836
5.004172512626414,8.65856443209074
5.013829521071216,8.801383630415991
5.025614658603404,9.81038599136981
5.01016086953473,9.593798049910475
5.02942462761358,9.765813840904226
5.057609724103793,8.88190881126444
0.3026441058496855,0.915815725312306
0.8439272568939441,0.34426494766763427
0.0,0.8257983014696513
0.7305000250613076,1.1290873124260683
1.0062203287381821,1.8698463916010135
1.6529948306813775,2.431429180466985
1.9466289782781723,1.6274866815793665
2.430126060410807,2.1708678137415256
2.7229678280030605,2.1708678137415256
2.681892809860371,2.8082964885481827
1.732803003061298,1.883806589209898
2.5510036251717816,2.6082136575078554
2.9627051592328537,3.137954842650012
2.0366937487461634,3.4400241636678013
2.0366937487461634,3.817741019601563
1.2482009478329594,3.1870969801957223
1.699386470267527,2.722945800262572
1.695966258013323,2.722945800262572
2.1349929916974006,3.0984082752339193
2.7278289365239985,3.971426793401594
3.289521844059208,4.663396674283655
3.482711966473522,4.703735964520375
3.064974667115943,4.703735964520375
4.034112320560178,4.678875199516491
4.69859027163262,4.877467353588335
4.918050009607795,4.877467353588335
4.9688428529396,4.899858220523585
5.006615047959706,4.855695641366144
5.006148747891633,4.855695641366144
5.019698007012368,4.936955510598677
5.019698007012368,4.992414116902541
5.037045389925284,4.998333330830213
5.037045389925284,5.003105933134719
5.037045389925284,5.0096013826823755
5.03835756317477,5.0162950660508345
5.03835756317477,5.028661303441421
5.03835756317477,5.042768160456896
5.0815363809129,5.039283431770095
5.106819058464168,5.068903946584719
5.079796929921476,5.111898055966275
5.077508639820908,5.184938246234985
5.077508639820908,5.36590380162014
5.06387050542054,5.649454481404294
5.021411398920067,5.649454481404294
5.021411398920067,5.566022504743831
5.037046201787791,5.868278797047622
5.028083977126389,6.420973484935536
5.013574289351175,5.96565836349018
5.023414214534128,6.26522364664055
5.023414214534128,6.760408160434099
0.0,0.2964358359140301
0.3183952942063968,0.7544062625780457
0.0,1.763995808105517
0.0,1.763995808105517
0.0,1.763995808105517
0.5592236702252225,1.763995808105517
1.2737025341490282,1.8272702775937175
0.7101795059422664,2.3164331173756896
0.7101795059422664,2.341899190433856
0.2504175083431404,2.341899190433856
0.6592092161346845,1.5517978452502934
1.6132553978218014,2.118565535232693
2.434569618473628,2.2878744099003647
3.2729092681904803,2.2878744099003647
3.496219958441002,2.7653776209803085
3.862748714966613,3.7527251971276514
4.686235160520728,3.7527251971276514
4.744448596707156,4.139435044002664
4.83674564471126,4.139435044002664
4.83674564471126,4.139435044002664
4.9924372924288365,4.493564510977889
4.993134773730333,4.778283673826133
4.998552302445218,4.79419336320643
5.003267515469593,4.79419336320643
5.016535019310522,4.710561638237139
5.023942186670949,4.761798842973935
5.046337009458263,4.862798898806781
5.0631193019249165,4.91916760115127
5.090336016837361,4.9528890496202775
5.144923506226492,4.943244693195097
5.262381153230177,4.949663515347768
5.363294959305367,4.986632431667246
5.512382927006554,5.00409538893669
5.512382927006554,5.005474723868801
5.510971906477348,5.015089161902448
5.771653302659672,5.023686309652731
6.2234566426408975,5.036992560027699
6.2234566426408975,5.063307987767177
6.952058792003706,5.082238964227609
7.634053430289217,5.121113106421835
7.977250088442092,5.232090542249322
7.267507573559752,5.470101693644563
7.761054601500902,5.608944238846849
7.548362983818938,5.715498239867094
7.2472534514769675,6.201998973308462
8.174051067711789,5.737716913364614
8.174051067711789,5.846342580797507
8.174051067711789,5.329814851424759
9.067287291864126,5.172649023853036
9.719002349077272,5.340830811080147
0.8115406634505342,0.0
1.0128045754373523,0.22940486615965502
0.6925118878469433,0.1869728626626281
1.167241360277527,0.7917494823586406
1.1642013575634467,0.0
1.7521956912280447,1.0099092042625952
2.270435073489417,1.3104025302725897
2.2080348159080136,1.552904721755544
2.532892930423731,1.552904721755544
2.532892930423731,2.3438108182147466
3.328518040390049,3.0198953141284792
3.92377563950842,2.684885719100795
4.2589825231543905,3.5528522508288143
4.5424634965698,3.5528522508288143
4.140950672479314,4.1164567435439245
4.351193441396361,4.5391248470289005
4.465152504836207,4.631619385967353
4.465152504836207,4.404278730746942
4.652641961272311,4.948276654373727
4.842505484438237,4.948276654373727
5.008710599593703,4.948276654373727
5.015433813596873,4.954697589997252
5.012147179647193,4.908284225017841
5.023119714423133,4.855773888158942
5.0432848652338755,4.708254780469424
5.052971479314135,4.4835814607578275
5.039861850236615,4.554187768829946
5.039861850236615,4.9697252009879715
5.0608691379311725,5.005820743087923
5.0608691379311725,5.004100813269241
5.092240091017304,5.004100813269241
5.188001787707957,5.004100813269241
5.121151327190868,5.010635180185529
5.189988298132024,5.029212935077981
5.236672853141557,5.034259116146025
5.345630777883652,5.034259116146025
5.5308591438280885,5.063154698053083
5.432013974819477,5.062081303973097
5.432013974819477,5.020853233453479
5.591887943777096,5.028442075113449
5.81010921106465,5.052961914371993
5.7491230457667095,5.08745560301056
5.789954190033422,5.1233451223845226
5.789954190033422,5.030984910089272
6.277550258623187,5.00737892325306
6.477135651995653,5.00737892325306
5.630622886539295,5.023081459881548
5.794163413528756,5.026033317834897
6.464924551770119,5.052370281021695
7.197398618995322,5.089549645039937
0.6036925077431784,0.8060201788662573
0.6969413384363677,1.330533920039978
0.9956039656594176,1.5803286458189436
0.9956039656594176,2.127644004388063
1.7185542323218255,1.8573998537930498
2.48769005153489,2.485015687531824
1.9306261377429181,3.210107103169265
1.251839101827938,4.165856364278612
1.471039234840483,4.251630976514521
2.411189832744537,4.6354616311393295
2.4178713154645224,4.936482184282306
2.526690943359313,4.936482184282306
2.775944760222174,4.969164711235666
3.432684092984627,4.988301899188918
4.1520027837087685,4.987763071683125
4.780544589985262,5.009747614606064
4.780544589985262,5.025196592002836
4.7203949132915195,5.030775605343632
4.838083899262166,5.058843488826624
4.838083899262166,5.0906385877223
4.984579432175588,5.15856897888073
4.995218357551055,5.088245414178388
5.001999873130709,5.098447640369156
5.008537606700277,5.098447640369156
4.9908186782848025,5.162074155980092
4.976982042865358,5.193148403665808
4.997883087023566,5.228737463174268
5.006272873810833,5.270083883553697
5.00325589680083,5.270083883553697
5.00325589680083,5.305582969518396
5.009729490490247,5.526740695112316
5.0256012671988355,5.900276985383313
5.037607843308446,6.1034250813033495
5.065557879362215,6.570717620620848
5.091164656479184,7.038642258037999
5.166315241426672,7.40450421945599
5.270588847626039,7.1161649466489845
5.4253459117014415,7.5062210153024935
5.648775208812773,6.718483271889845
5.517622340773236,6.891632090046312
5.85371262248128,6.744972089408666
5.838391632644428,7.684371047638365
6.1159250003861665,7.584117399484521
6.1159250003861665,6.903233630552927
6.724586493499588,7.087781330857017
7.158334059952392,7.297093495322919
7.166585094901633,7.297093495322919
7.132929619245961,7.296874956264971
7.34992100223792,7.529888056077113
7.34992100223792,8.088982123479763
0.0,0.5681156813164534
0.755461990952183,0.5681156813164534
1.3737181815357316,0.9605515275580152
1.4504802540025068,0.9605515275580152
0.8137993966261943,1.3679108985244623
1.4094366616220353,1.8863451675835243
1.6599628100140396,2.4525505288905762
1.201266910237748,2.9737467173134466
1.7621682018298517,3.3781715788175024
2.237143629528155,4.210226630268153
2.9002977842564817,4.466908666699333
3.2502751366969025,4.824756607728204
3.3516947103740344,4.899781354992781
3.3516947103740344,4.807560827088585
3.873110055815703,4.88661328070949
3.9949373944223865,4.995343586486336
4.768649530535963,4.985969666616277
4.838398066637868,4.999385266855377
4.738825044111096,5.008747721098886
5.0042192239068415,5.019171319077087
5.0056201247318155,5.030992787130015
5.009446474336081,5.042998809750315
5.01874358645642,5.081967430381845
5.038430842305214,5.033122501397305
5.086699900620836,5.048377109418856
5.103333754320997,5.106716514429713
5.187752559014767,5.120116726886144
5.1936206444130795,5.020288753661324
5.347168433820516,5.031311946486233
5.498346700372784,5.031311946486233
5.909572636924492,5.062050163362675
5.909572636924492,5.033900120406099
6.4055219461573705,5.015125359280126
6.3385706724118025,5.015173076877505
6.3385706724118025,5.027583191781291
6.742628333356943,5.048205571756542
7.499975386466726,5.08675831187756
6.66243074804171,5.0948245259015374
6.427514938538918,5.1341869032505025
7.147724072680748,5.169014083757236
6.85056915775835,5.306374323864852
7.812368688965323,5.396735713032814
8.558688418061486,5.310332822905861
8.325484921556619,5.592843882586492
8.51605569939353,5.7132809541071685
9.283465706113333,5.7132809541071685
8.586336459564464,5.736070619776885
8.196192999336445,5.85641865538824
9.202850082921168,6.12508946945249
8.260949056258237,6.393816367975381
0.9474436715967675,0.3995854817475989
0.9474436715967675,0.3995854817475989
1.4435035163038914,0.5527844743653658
1.9698347499586153,0.0
2.7959638883261246,0.8804697060988919
2.795643642303571,1.0892831582864035
2.751637905212165,1.0892831582864035
3.633311164490475,0.3626282634458926
4.342803793875715,1.1236229519081378
4.389348423994712,0.9627550289876503
4.672424287587556,0.0
4.965204938230575,0.7458631080841801
4.966093183137875,0.3821830432257927
4.928960496049616,1.0562170021005568
4.983898754503398,1.7130493734903918
4.983898754503398,2.0452462110314693
4.979628554932459,1.8458716437478238
5.002881146510575,1.8005728103607155
5.002868853759608,2.5663145281760227
5.0040106304961895,2.988469806910428
5.016117019153928,2.9011490428874054
4.995567289814424,3.4579917776038602
4.997075559248187,3.584454425300629
5.0071279114835505,3.4910108801734925
5.0134981557992475,2.8344902578774778
5.020419659202677,2.6218603161973175
5.050836480801362,2.672886993189007
5.073312449854727,2.2494405635471546
5.121899603219175,2.194268875534234
5.124034677324798,2.911537741467949
5.108712162512195,3.176504542937522
5.108712162512195,3.8497099989544843
5.121044145208696,4.265853221558664
5.201581244646866,4.816181925982762
5.29436342299784,4.753405016810952
5.444427263312148,4.860387489067033
5.6880440526035905,4.801067393333115
6.258127503953727,4.862416740137958
6.258127503953727,4.94151925487291
6.716453342683002,5.00992738595678
7.2566941749673655,5.013242218254302
7.887134951672438,5.019768426343187
8.576152629557853,5.0302748535915285
7.90807494289073,5.045303447984396
7.90807494289073,5.040007465504185
8.551425594894257,5.07783876207906
8.859756144721937,5.1600702932058615
8.859756144721937,5.194105001228763
8.411972349729687,5.194105001228763
8.798589109682904,5.365737823010503
0.43455060082410596,0.0
0.8608309245878103,0.581127744236309
1.1024934955399468,1.2764814337730515
1.8929485469069034,2.2853157797412695
2.396044523535612,2.8199205034865087
2.645866253437478,3.475180562239748
2.907315105410841,3.9560882720568937
3.0201891591167884,4.298668551308976
3.992762247423653,4.491481509067912
3.992762247423653,4.550380780854726
4.5127401255447674,4.705906601603673
4.499493727079773,4.779831062589739
4.731560205300893,4.919679988365055
4.781164788000283,5.009827721609822
4.8445149799605725,5.009827721609822
4.918621809450734,5.011891137255005
4.9183309723203505,5.016308950198409
4.9183309723203505,4.998622988763141
4.9672427942141395,5.004886256028452
5.00561980187493,5.008105033640038
5.019157399649516,5.013588553838901
5.019157399649516,5.00405044780023
5.037368235180605,5.008623310554189
5.0619963361990985,5.010871489429981
5.0619963361990985,5.024737300556192
5.112755881266059,5.051646527905603
5.185330578342542,5.051646527905603
5.110753665863257,5.09159028809228
5.114126990173615,5.006188748289784
5.202093020856432,5.014021947128763
5.35114826701743,5.014021947128763
5.6833368062660155,5.033075873139529
5.932029069332066,5.071815189815935
6.45972088948942,5.101951930653994
6.689658149665084,5.121224857301394
7.17308925567924,5.1587074763464615
7.860714269883957,5.140913159582474
8.864185593389543,5.140913159582474
9.348249303901424,5.230986527020622
9.513788876627357,5.227644458196856
10.0,5.33433731924888
10.0,5.391336853185434
10.0,5.610036975236516
10.0,5.829670586803235
10.0,6.164986241007382
10.0,6.251085056261099
10.0,6.251085056261099
10.0,6.597937525248306
10.0,6.733092226477629
10.0,7.553215944439592
0.6677533238702996,0.0
0.9434004194727416,0.985973397594957
1.5836659858690774,0.7955336548648695
2.3865849216101074,1.3473037142947373
3.189355440477387,0.8514081864009614
3.0576756071693123,0.2725367728546465
2.9709688107432415,0.040774457467967345
3.8937169882302114,0.2844561542125078
4.531758929433005,1.2942957832161714
4.889288025095664,1.9197500535861667
4.959261455950501,1.9197500535861667
4.990968638816126,2.6598190679395657
5.00793278344204,3.2400495803758407
5.00793278344204,3.6948454800742
5.019517962925907,3.957540574440952
5.041318199964656,4.669413896081533
5.052922896438891,4.949171893786229
5.020511186563034,4.930906124593886
5.031954532160131,4.966240786898266
5.05200987727985,4.984973229549237
5.088549500235514,4.988028208402581
5.124588768085792,4.977303107739252
5.124588768085792,4.952905251905471
5.183113284332981,4.992793684557591
5.316486906944842,4.992793684557591
5.359738293793098,5.000213732051837
5.20715916571998,5.005615041092704
5.099270987308788,5.012459711109397
5.112815721326326,5.012459711109397
5.20115470186082,5.0349187774920345
5.062258157517637,5.059959847746338
5.1344360003934,5.079142501269614
5.1344360003934,5.120847056199236
5.242501044223207,5.120847056199236
5.454561995038315,5.20789199075187
5.63652758844819,5.28439796933248
5.615095468634706,5.381396039199285
6.008211793616946,5.123690383078028
6.243889044781971,5.181206376647786
6.243889044781971,5.034527385293323
6.080005479238166,5.034527385293323
6.653240024329258,5.067511211280394
6.925309134389522,5.105429165204296
7.468172126898611,5.0349252947235765
8.051362843605359,5.070615386967685
8.537513019064539,5.133318720387224
8.537513019064539,5.210561355231159
9.01221065329734,5.225803716646022
9.219158649046454,5.181318635784275
10.0,5.3362264078393
0.0,0.04952767422965476
0.0,0.520630005601388
0.7317336093571054,1.5303728222783555
1.3063768104093014,1.638713147542413
2.1227237211417767,1.638713147542413
2.555936922860258,1.9592756163688014
2.5069710920533645,2.3857617839321295
2.5069710920533645,3.1208245162549217
3.124399474402911,4.085243235146742
3.5354089333545984,4.586416037949335
3.9197575562768914,4.771672002727965
3.791992847388809,4.977047772128483
4.220986929984525,4.990289548220763
4.7249399661836105,5.009934434812706
5.003266860524896,5.022390561328615
5.00532514885204,5.046212831774498
5.014121459988459,5.046212831774498
5.03824198137183,5.046212831774498
5.0542125636884006,5.068619893954477
5.083514554939318,5.10950051177166
5.112776740530154,5.224898015256628
5.1433496336582785,5.2698079136774
5.242806271719271,5.461151284947487
5.242806271719271,5.049844484106597
5.263087323570431,5.075667308990071
5.352846983553057,5.144499766406364
5.701744957070893,5.17396297037363
6.117410471480323,5.220465262579487
5.714993224104943,5.029205705434347
5.618630295543736,5.029205705434347
5.986433078615017,5.0293237392649575
6.28173746006082,4.99675506678594
7.02080924443027,5.000860358140333
7.671329443020706,5.0096036454094
7.005936593825063,5.020174022839084
7.651611660854023,5.040157872071583
8.513986779844661,5.05843358562666
8.884310091917005,5.075714192182657
8.449002304055037,5.089943405878258
8.909351979627298,5.159872000195333
8.328403130850164,5.227242585830137
8.426297435200969,5.256132650680434
9.081289272836905,5.393098021412868
8.162747069637934,5.4907562703554245
8.690718391914093,5.658371294926243
9.00138157553325,5.916357852541055
9.632476069407538,6.094556110791778
10.0,5.933267677929166
10.0,6.5038619779229405
9.425791051106259,5.964675027976965
0.13544045696466664,1.0099092042625952
0.7601490792524486,1.0099092042625952
1.045635061315956,1.0099092042625952
1.2583441999179634,0.26633888144927276
1.2583441999179634,0.3808617933984423
1.8516913278513818,0.0
1.8189463290985748,0.0
2.8255008227343987,0.0
3.4408492774416204,0.36088704205678473
3.4408492774416204,1.1470639648657537
3.956345497855039,1.4590076224805575
4.745672594083346,2.1180688860233494
4.952021561771282,2.7737039326832718
4.980192826408803,2.905883845206877
4.985843603990944,2.653150208779971
4.999037326621351,2.653150208779971
4.999037326621351,3.3661509939408365
5.009999999702617,3.222766689331159
5.015367063278431,3.4004467467381927
5.029839549396612,3.4004467467381927
5.054681721559173,4.176513206975175
5.054681721559173,4.456310239398084
5.116885732393672,4.456310239398084
5.203779105950027,4.456310239398084
5.330451334587763,4.094250593514163
5.5224136506435055,4.65880689714211
5.5224136506435055,4.65880689714211
5.686453867631019,4.822532272298532
5.102712647075401,4.879852245284912
5.000570632710584,4.794471988398407
4.998559565849293,4.794471988398407
5.002164683783858,4.945955514321225
5.0134142358855405,4.945955514321225
5.029704384819342,4.89435474200732
5.065061911096716,4.937675710142884
5.093548740932805,4.937675710142884
5.014659900289814,4.943240837794653
5.0091866046703215,4.9712798427985705
5.024862202471021,4.9712798427985705
5.034879008630783,5.009158820153941
5.047864103471864,5.018118957519853
5.047864103471864,5.027809799481065
5.092219745595335,5.065612431952497
5.150461387571039,5.0889905015887384
5.277209851364372,5.047599301557891
5.37052466821498,5.06795571697941
5.4492275677401745,5.124331823734495
5.547095832820894,5.073081794975397
5.714736543488924,5.073111018112689
5.910767200003719,5.073111018112689
0.588408987643803,0.5133046866077415
0.9344740192078294,1.084169658332886
1.8361108910548056,1.7974114220204784
2.20668451198976,2.272222835670734
2.665102809389943,3.004010724263587
3.48654782721673,2.619875592434079
3.48654782721673,3.445237101000872
3.375428632937086,3.135681235186247
3.246187441017022,3.462378758420424
3.798920367510675,3.974757770656903
4.3587342172439225,4.378466083210002
4.758363287982208,4.507661172108154
4.844723345894229,4.934888241421411
4.937815375219316,4.961459883602563
4.99430384433137,4.987543780106887
4.994668143825267,4.9963973939465385
4.998983284760715,5.00319548941769
5.002762586543728,5.00319548941769
5.0028955697829325,5.00319548941769
5.004416248501707,5.011650660240271
5.009020085965257,5.000185342234931
5.008992270479049,5.0052824178404975
4.996337942412896,5.008387375287446
5.000913495222459,5.019140561973244
5.0042437705582765,5.030636974743437
5.004235228956261,4.990692476122814
4.993469752444664,5.002525608179659
5.0093114766493345,5.007606957365823
5.0036875311698275,5.007606957365823
5.010806654737628,5.008381091046012
5.026828343075362,4.994541180871536
5.059927431164808,5.000304677451175
5.059927431164808,5.000304677451175
5.107556577392605,5.007882158141961
5.1670057848265,5.007882158141961
5.181570431877221,5.013371402705805
5.15432491396012,5.033537444865858
5.032777757246204,5.0693852144624625
5.058266709222002,5.095600880627964
5.089987131317722,5.095600880627964
5.152183936142666,5.128743129344949
5.152183936142666,5.189563941243755
5.281512519479793,5.322957834876507
5.369837337634391,5.297595040050367
5.570075848229905,5.59670524601111
5.611682604699769,5.872658115405655
5.707436895900048,6.241469636015
5.7934234546390675,7.030394327108587
6.054870059015977,7.635776521524271
5.807294195644599,8.13698675640004
0.670094651521318,0.751233190862756
1.5432232573754587,1.2828314214545546
1.6312837040698867,1.823606990190664
1.936371423543481,2.1130438141693966
1.936371423543481,1.174117907880175
2.1683227768285893,1.7629149048416113
2.8450432302784803,1.8126844424231687
3.4514550801643873,2.061783240824621
3.4514550801643873,3.0661893890534753
4.246746815853085,2.8991748369410146
4.419742946376883,3.6860160324844236
4.683645054945711,3.6860160324844236
4.788088132741264,4.3445855208326725
4.914338006715913,4.440430950595176
4.8873205969132965,4.440430950595176
4.982325819594255,4.4437248539587735
4.980668745515746,4.4437248539587735
4.997447489640296,4.4437248539587735
4.986777017896543,4.722881954631078
4.988029360011491,4.93339663204225
4.984521129351268,4.942259680508803
5.001569998938074,4.986686885582846
5.010776764544268,5.002916055033013
5.009382848523547,5.0075707333970305
5.024724948199591,5.023535564091897
5.048203648248063,5.048142748895031
5.059965220882819,5.035698541554612
5.102444329642229,5.0593389767714365
5.149699213298907,5.0593389767714365
5.2341167088741125,5.069472049316124
5.349339426641364,5.069472049316124
5.42079185785919,5.1082490645597805
5.651862774073371,5.2260772857691755
6.139598771299136,5.265884478684532
6.598317536868393,5.306943123679802
6.598317536868393,5.3896482416095335
6.710277933498901,5.46507285483947
6.710277933498901,5.536630354415874
7.428989314297944,5.861507172011072
7.874250529753453,6.189372755070936
8.141666436777792,6.7485041906523975
8.56489995630773,7.55542776896204
8.83363917179348,8.244031082345336
9.375074882629304,7.56555143848406
10.0,8.01478819935348
10.0,7.491887110068991
10.0,7.381775144503755
10.0,8.260594389326446
9.995060170003192,8.862441090317526
10.0,9.063485067767434
0.0,0.0
0.5421852923716541,0.500132502060736
0.7728054529571241,0.3549333446392207
0.7728054529571241,1.1452743168452637
1.3015350683665425,1.8845843332194177
1.541061194494322,0.8811092945643619
1.9481713604873347,1.5445994269963426
2.75400593456756,2.4002681760413873
2.2561018653910088,3.3710619524570387
2.941406938081501,3.3337128291908544
3.1809914572517264,3.6225026379123224
3.3601634388515302,3.6225026379123224
3.3601634388515302,3.961314995709619
4.117346923086133,4.297476066437451
4.835092870594282,4.3008929518708765
4.685466709341471,4.914693631187945
4.842373331714756,4.979934131094276
4.8906501027927325,4.9843952163678
4.8906501027927325,4.989143147934147
4.965605264985367,4.976835488369623
5.001116304090532,5.009461638223209
5.007411043177012,5.021658652352959
5.018650249474749,5.02803770984557
5.044561745292736,5.056549961161947
5.0834638121795885,5.056549961161947
5.158674157608093,5.048444222257518
5.166902103810855,5.084321248783501
5.2612346056922785,5.116706383783698
5.2612346056922785,5.068662636742219
5.485355751504141,4.995054042885835
5.752225397194009,4.995054042885835
5.972746479771557,4.998152776020864
6.244799148535904,5.00174528566285
6.386135100787916,5.009291390669523
7.166338651987031,4.994252799372749
7.850280586571637,5.0072724316209225
8.660847972015686,4.99180785781083
9.176941627417953,5.004717812248567
10.0,5.0126122432296984
10.0,5.025761463368055
9.752413442438495,5.025761463368055
10.0,5.042920955919257
10.0,5.042920955919257
10.0,5.060561218206712
10.0,5.095079237857523
10.0,5.12644314654516
10.0,5.146282384231139
10.0,5.120450650815806
10.0,5.217869661106174
10.0,5.273879272713546
0.0,0.8929526742535929
0.20921549070278356,1.269033618664345
0.9282231904135686,1.7492409268282516
1.5427270238398594,2.573480163332345
2.297692601734348,1.7596918195832225
1.5233791054006443,1.4211267493884638
1.9343452453840844,1.75942239416881
1.509080324563337,1.931057777370489
1.2391462241749953,2.38057826891864
1.5985545132775443,3.061868157081453
1.920798234583689,3.604357214511058
2.5741063948252143,4.0695903480199025
2.5741063948252143,4.619267471660698
1.7704587908715355,4.670052876733203
2.434905692073593,4.863554891759545
2.522772716924896,4.88691314445172
2.753781996368473,4.82009591711501
3.2714199343630908,4.926682879872839
3.563398281733263,4.947495294846909
4.169789538445602,4.99491527876706
4.169789538445602,4.998198945472737
4.462263770577518,5.006768666548304
4.270733219252321,5.008034426964521
4.554881091721447,5.026068681054018
4.749502634703234,5.001871887031083
4.749502634703234,5.008258721756903
4.918673664000794,5.008258721756903
4.935404229896372,5.012023683305767
4.992679213826574,5.017216381775061
5.003809595308856,5.030475585333245
4.99560720265323,5.029899031136394
4.999725734162878,5.041754176770853
5.003071451401515,5.041754176770853
5.003276651454164,5.041754176770853
5.008407935141666,5.041754176770853
5.022690988945795,5.004394139589848
5.039509275249169,5.015894808333677
5.076681459601631,4.9985064520258415
5.076681459601631,4.988136832333315
5.147497923553347,5.003752416610947
5.172684248539876,5.005335254078036
5.340245382184876,5.015782654358824
5.340245382184876,5.034700584990152
5.340245382184876,5.060561060594087
5.385114642784867,5.081010254360628
5.4106103263846235,5.116789520082399
5.4106103263846235,5.233125225042206
5.495354347543005,5.296115760039472
5.788531207713463,5.3857165814973715
6.43299621585594,5.244610946287104
0.0980271407756695,0.0
0.840028437102408,0.5176150817590376
1.845234394175417,0.5570486787603579
2.237183975613183,0.5570486787603579
2.8298622271253846,0.5570486787603579
3.555618090956127,1.115665608883236
4.1788401520968534,1.115665608883236
4.7120281635092685,1.5569728627510027
4.882401007320412,1.5569728627510027
4.962768933596274,2.1653978803577143
4.962768933596274,2.7239666637249256
4.982346828313395,3.561960493242616
4.9874430824557265,3.8430816743820566
5.001264239692328,3.8782324967072035
5.010236407730989,4.589170911950667
5.018902325618223,4.761522004820254
5.034430445992671,4.813046136057918
5.034430445992671,4.9378890673727325
5.020503095053818,4.976395079284104
5.025395714935281,5.003162709337279
5.047999602626663,5.006832559962995
5.055692157827636,5.0235368209654325
5.055692157827636,5.032202652043832
5.115899739129443,5.074394177203816
5.115899739129443,5.0833259602297485
5.115899739129443,5.10281193501629
5.1118519750843,5.0468111370757835
5.169389420091639,5.073328658206931
5.182660717245855,5.105768277508602
5.182660717245855,5.109460883281375
5.324191628117748,5.1667763778766265
5.424209944356316,5.266753942883532
5.581888967837608,5.537355739570376
5.9197217110500935,5.537355739570376
5.901411414839995,5.693329954198754
6.273615304532717,6.037392449007858
6.332711126708794,5.706995108330218
5.815654013729367,5.54214496941989
5.180386324705916,5.888694362835967
5.301554537382784,6.387721751602751
5.42920059139008,6.387721751602751
5.551148643426805,7.018452289166815
5.913596269443634,7.018452289166815
5.6507057175578455,7.2534251362212
5.699359758501041,7.577556682215465
6.121098375323989,7.853311154777035
6.121098375323989,7.958130453072067
6.504760867684039,8.720674271112335
6.681970483812554,8.720674271112335
7.3193011341871195,8.720674271112335
0.8970169245937565,0.23185765708908937
1.0343016080702432,0.0
2.043583297708051,0.4338518309001155
3.0481888609499803,0.5590819961299376
3.2104438315693136,1.0882073926644926
2.5347692845273633,1.5909148384000482
2.5347692845273633,0.6581132167520959
3.5304265455258363,0.0
3.6697143432427444,0.0
3.6697143432427444,0.40670370136184353
4.101444412305228,1.1979462443331879
4.233472429332999,1.8486268633618481
4.107759601211291,2.156629510649772
4.107759601211291,2.156629510649772
3.405264243564751,2.4338119693369578
2.8318841222415156,3.33544705191965
1.877222182175243,3.63282965856284
2.388003234685497,3.63282965856284
2.673475048402601,3.311396503208612
2.7783650592330504,3.7952700742814898
3.061699979585816,4.63781736913194
3.597039152971622,4.78419150200757
4.29533056265718,4.797022264312523
3.909387879753714,4.78505897178514
3.903257042108787,4.931273880288805
3.6323076599010005,4.926508090614019
4.01030460589295,4.911822001314221
4.287944077406646,4.966736573108182
4.730608025932824,4.97375945684928
4.788594417650639,4.981912579722194
4.923533907279721,4.954391554513274
4.980263441794777,4.991487423066211
4.984676380201199,4.983516538843036
4.990607636388132,4.983516538843036
4.97544355334317,4.983516538843036
4.957861026507969,5.004225961902823
4.957861026507969,5.0081881114059685
4.944543088885603,5.01118433655997
4.944543088885603,5.013395559787405
4.953870560622754,5.0084065198826915
4.911322592717781,5.017623911636552
4.929200175921784,5.022591436669
4.859174549444563,5.055179030769271
4.7661884552051506,5.099329382496521
4.795912799422669,5.00032504937499
4.966994167350101,4.9949902172393275
4.993516090727924,5.0054789002835465
5.0086004493079725,5.008889732226172
5.0086004493079725,5.019797067032602
5.005221539315614,5.043625936037155
0.5076911632743232,0.0
0.8974885278332594,0.5236122658639702
1.9069421222349212,0.7896583091169467
1.7704911788638262,1.208183629730895
2.3544250389340586,1.0150627088691526
2.836485931196374,1.7250992594211554
3.0269991393002247,2.5371118647475766
3.570209478084729,3.1425525514574137
3.5811552826836035,3.1134171180491075
4.190079208750787,2.2084975810626197
3.933101424155935,2.6996059190464936
4.486460495887838,3.1205196504218797
4.909562956753766,3.537600252160002
4.92712893736653,4.180904319133418
4.963078716956944,4.57135109987936
4.981957648795265,4.912411636955463
4.986244494777694,4.918422121346002
5.006342781487638,4.918422121346002
4.990696230184979,4.852354350585204
4.995283667096258,4.852354350585204
4.995283667096258,4.9814732454962325
5.006601873855577,4.98321850516527
4.998698068963379,4.987146051154832
4.990494799481279,4.995420464794346
4.990494799481279,4.998984286820394
4.990494799481279,5.007742949726234
4.993660791074114,5.007742949726234
5.007620700554106,5.0145738978812595
4.9947786619574055,5.028061744318502
5.0028748314614715,5.041734084530246
5.005111757457509,5.053009185220493
5.003879621757868,5.1157312710355285
5.0007316986128805,5.0863840041758985
5.007549221665946,5.1538352538290235
5.003842025483251,5.306457829182349
5.011829191833357,5.285644376152651
5.0175813180903255,5.442986925439225
5.0046576921064085,5.473120452910675
5.016698472915627,5.909587327180485
5.004043954311761,6.590952215384986
5.014976015874132,6.473830203407532
5.023724636125423,6.9389239408700725
4.9994474194252945,7.55716649873302
5.005586165863101,7.343361480734336
5.016562235314242,7.983031730767266
5.030146394435749,7.306330219455303
5.04582035930111,7.884785729514627
5.061698232411699,8.08614768114911
5.0690102701834565,8.6149490071993
5.10783064949289,8.922383080001092
0.04144633335304998,1.0099092042625952
0.04144633335304998,1.582403225634589
0.7020604015131469,1.582403225634589
1.4107290778819563,2.0109250685185147
2.15959073244911,2.112105096917203
2.627626263937975,2.3108783626520184
3.009943116614033,3.162107982262555
3.494273389243741,3.602583256099822
2.9748408480723736,3.646246242113208
3.4548783570966184,4.216471298384857
3.985794801468311,4.52467892412446
4.536677826646582,4.626618132246912
4.640742613317276,4.626618132246912
4.5031503636597625,4.880986614088703
4.335307640535884,4.880986614088703
4.551598771417761,4.984646506460252
4.593785170418309,5.008753853718293
4.8521309827177275,5.015397256405676
4.956053173684777,5.011371719289696
4.950112861707107,5.0255727875958405
4.979365206874903,5.044741956846648
5.004309640900951,5.044741956846648
5.004309640900951,5.028185739246572
5.009069480742907,5.062242327448035
5.019203254694402,5.12708588558265
5.02865603549095,5.194545669955587
5.05847024847659,5.396673547465882
5.05847024847659,5.672198766197147
5.080413466721721,6.104304614314804
5.123409626273785,6.651251338479844
5.2343065003879214,6.651251338479844
5.23293351354636,6.575850406151011
5.23293351354636,6.955857287475229
5.04970314583228,7.394895939193443
5.06598130580516,7.865467224800648
5.007938311669634,7.513451314553155
5.003604334480656,8.256932608326553
5.006308202279925,8.934016590317619
5.01846793272928,9.085448224864262
5.0390078389144035,9.085448224864262
5.011109463122916,8.659978301124234
5.018307974603741,8.019481119591738
5.0042629377331025,8.344029861608263
5.004657981629375,8.556500647034536
5.004828091894095,8.556500647034536
5.0040571810673455,8.01117459388458
4.997202805612316,8.54119142577473
4.997202805612316,9.274012179090647
4.986011914570459,9.829695905676834
4.9887754866589376,9.499636515563711
0.0,0.0
0.0,0.0
0.792992754513683,0.49846165225581585
0.44391813453696644,0.9752062774757405
1.0119080864410492,0.9752062774757405
1.889762172837934,1.3391326560324608
1.6378064585515122,0.472415114486165
1.6378064585515122,0.0
1.4304401002797196,0.0
1.7732382580149861,0.6877552259478067
2.002778417003266,0.9693432390917143
2.32971909843722,1.8371663020375424
2.8897919170840956,0.937104609686725
3.499622250643897,1.8614651946970304
3.6193509992259916,2.67523825677701
3.9107126138968322,2.926901943572489
4.210036379465931,3.2275591043640732
4.676909207845355,3.503980572802372
4.806216613913086,3.641756097532153
4.925899958665264,3.939630455795505
4.937182492600806,4.367986234426609
4.919716137713421,4.338575756834615
4.919716137713421,3.908378626812028
4.84921008842006,3.8793048891747035
4.885668372980138,4.511278235034916
4.873740035631228,4.124956180485756
4.873740035631228,4.642175499454783
4.803644120233358,4.995471857168789
4.9338105231710765,4.995471857168789
4.876084225962687,5.005552428513646
4.936296346789664,5.020449856978319
4.936296346789664,5.039014833688486
4.940472833542993,5.046041030622468
5.003142261686684,5.071346307595082
5.007667953354521,5.071346307595082
4.990557120639089,5.071346307595082
5.002722751711148,5.10122587822162
5.012167848110377,5.10122587822162
5.002657585986678,5.1405579710011144
5.002657585986678,5.222399234599695
5.009768945527856,5.26920046669379
5.022735105542685,5.483542247414245
5.027991843589841,5.710856668999617
5.048339983708115,6.319939132254646
5.059008931609984,6.319939132254646
5.088696579597904,6.319939132254646
5.115233210448952,6.284645685452803
5.115233210448952,6.5388523881913425
5.215873406839398,7.299580708589602
5.338066483793387,7.299580708589602
0.4799494577833241,0.31634538219547487
0.8020808498732888,0.0
1.4964232733161587,0.3998353054947849
2.152178083493964,0.8005759072846225
1.9941295751136465,1.280755436703263
2.1347822434885315,1.5617368123857562
2.316246223322666,2.2021980917223947
2.9830437512024712,2.667232749365145
3.3746574227585286,2.8128413558873846
3.9627129605859084,2.82414920293319
3.9630195719945207,3.328447443283955
4.495510025793359,3.6135350213581505
4.495510025793359,4.314898398186303
4.6464595445910035,4.314898398186303
4.95527782604524,4.856923531005877
4.984429496633181,4.905419004011968
4.970016107426338,4.913633958197671
5.003181369290499,4.973453140707955
5.015495996529847,4.999881183783663
5.012323078506046,5.00429358902606
5.017765313666901,4.990852194906854
5.008024705793336,5.003066101136741
5.008024705793336,5.007965562574419
5.014542421425219,5.021072032768475
5.018785154350532,5.036943835055209
5.038136788777085,5.061098822432913
5.038121213997374,5.080197628149631
5.038121213997374,5.083085061563414
5.055531674161072,5.134827301623096
5.055531674161072,5.147016047490466
5.01181094223766,5.140436501947888
5.008836449207948,5.215074912435491
5.0276726684314115,5.269018273442469
5.032632992796166,5.541729374254492
5.044295237127858,5.485802169544516
5.07293522735709,5.147223431410667
5.088467105311617,5.210793906016125
5.088467105311617,5.208348499177685
5.0835790422428975,5.277743792036256
5.117670631722574,5.373364948939795
5.219924022322472,5.417262396708302
5.446369666785726,5.345901654360264
5.605828737796804,5.4602620864691005
5.898574239234632,5.4602620864691005
5.898574239234632,5.825170526915504
5.898574239234632,5.73122599667305
6.1770051690775,5.219785872178753
6.193785023286476,5.339413308419821
6.535034390216999,5.407965987696267
7.2509607744169795,5.720988132997396
0.0,0.15176975999625583
0.039766447839977105,1.0751468500473795
0.0,1.9870924773019805
0.47270974169636365,2.7108205671787817
0.47270974169636365,2.9890286638438925
0.5148235843943514,2.9890286638438925
0.9630203594601607,2.9890286638438925
1.7905923333573668,3.1622319638038543
2.5836459595163337,4.053231274224669
2.5836459595163337,4.1695392732995105
2.5836459595163337,4.807746447288966
3.4417333898709557,4.628835053749604
4.086606407484963,4.894712817760476
4.395020315179241,4.987423818398538
4.717213653790929,4.995592920427614
4.854100346497255,5.001165514851933
4.941910201977792,5.008985768389221
4.93536805653997,5.017837355117145
4.949566523901591,5.0127769847562735
4.982750011662895,5.016222620838205
4.995785543738985,5.031144501312228
4.998559578401961,5.043238480405929
5.008904723393293,5.085926879293272
5.020536068387241,5.135772288787656
5.050790141184343,5.077376395764013
5.111536653986098,5.040719444975616
5.1694895135317935,5.065168777777544
5.2566275563787075,5.0863358350747525
5.26286843199454,5.0863358350747525
5.510599028522993,5.123850164177911
5.816486442315573,5.215737370244293
5.362914541440032,5.307390222675051
5.548564551393802,5.307390222675051
5.788173962522038,5.534948187461202
6.245770697450657,5.534948187461202
6.245770697450657,5.8873659223837365
6.321335194460609,5.185959994735641
6.9746436019345355,5.358656757414812
7.6662608356221895,5.545543965864341
8.561649961416512,5.569975251961965
7.871233914487943,6.038633389346091
7.888493561696008,6.5626926536026735
8.39574447202094,6.790381873640694
8.662891526110457,6.170804533714275
9.377947041946259,6.521935495302861
9.950806151417682,7.008171705406309
10.0,6.993001425307767
10.0,7.02667046948245
10.0,7.060856833142385
10.0,7.813368472908221
0.38697308335892966,0.2978713269914238
0.14591086709739018,1.1448312641441851
0.7387641022239917,1.675290119977285
0.0,0.6728270439025981
0.0,1.2805650801473814
0.5063481325748035,1.81533989574892
1.516098190541336,1.7359680928202694
1.683945405067742,2.3628604501332138
1.9495336438931936,1.638809210555265
2.242888482766073,2.2101336719156626
2.7070151029009293,2.8849846235336276
3.03600756010424,2.6747659220555278
3.73683411360082,2.6747659220555278
3.5863655782769133,2.6747659220555278
3.7146431246476337,3.3947792988839924
3.7146431246476337,3.7254216985311843
4.230396420164537,4.097903521664093
4.596532717509524,4.732917827341436
4.8370581588025106,4.919898657426136
4.905833430109935,4.99444507750518
4.978390287935761,4.999625531057117
4.996798118399882,5.009006302188898
4.996798118399882,5.000040601252357
5.002162348779131,5.005619073213183
5.009366077123125,5.0097311094532735
5.003931639099436,5.005768660603676
4.994757150759393,5.005853775047576
4.994757150759393,5.010887324919441
5.00314647155746,5.0286550370156125
5.00545235624221,5.049711986469779
5.013449755260265,5.018060982882885
5.012053834182665,5.0366959717759245
5.017711992226745,5.0366959717759245
5.037766168152176,5.056030853511196
5.052741546859968,5.078605328012306
5.094914036409939,5.044239391321645
5.089090965045933,5.030965873486946
5.186791198949506,5.030965873486946
5.2980353545589765,5.07192185319483
5.314259862544652,5.152534175394567
5.358474805926779,5.190765162293198
5.658537705073264,5.3413152068478285
6.195512271075301,5.08553538235282
6.195512271075301,5.157621912108796
6.892776178545424,5.224129957010545
6.439073258580591,5.452970815262516
7.34258427409851,5.749001368271242
7.34258427409851,6.229960537155051
7.909893074113684,6.8999293864935165
8.344663623240145,7.714654207873529
0.4216666574750352,0.0
1.1527581953376294,0.5109462241940467
1.721924403584997,1.520693973337834
1.7655715599652821,1.2563677945438714
1.7655715599652821,1.3058343081978132
2.107972587168386,1.8401698779615707
3.111839022216129,1.28444690037712
2.4757605932055893,0.6717358198214994
3.217642841089273,1.0972416934773626
3.2794171069388773,0.20187409214069574
3.536755352709913,1.1981642907365395
4.118242874766094,2.0567922968608636
4.253969565122309,2.3170636788088457
4.253969565122309,2.558613086677026
3.881737603298019,2.6830404158169276
4.4936656806016035,2.6830404158169276
4.692620719530907,2.6830404158169276
4.9029948727293124,2.3869805577560674
4.922085007832528,2.5874103033384146
4.953481680200413,1.8569087907589374
4.941702003943615,2.843746081804591
4.93483050934572,2.6327474529732107
4.93483050934572,2.6327474529732107
4.93483050934572,3.0853924523613183
4.986279378568013,3.44871576283954
4.986279378568013,3.9962713631961337
4.997867049539552,4.7239506197760655
5.0047787221976545,4.655211670170631
5.017527853932442,4.751899584616304
5.013016938707218,4.768465814771208
5.027570543275893,4.972709353174338
5.041854112151276,5.002818894808249
5.041854112151276,5.015637782150051
5.072843095887084,5.030083539559937
5.11397085152435,5.045459763961962
5.1811596360341285,5.066068285587514
5.186092208156079,5.093863669009911
5.2464766435680765,5.093863669009911
5.2464766435680765,5.10712072757384
5.453059952483918,5.19353380941485
5.680345493934676,5.1775703379650935
6.236234180689381,5.352644336143657
6.833996618759793,5.650884326451196
6.833996618759793,5.701148820304307
6.582963355014415,5.918739858784099
6.494661099314224,5.918739858784099
6.799928097895205,6.294275215724185
6.960819164204601,6.716412313916777
7.077301465766951,7.663841885160807
7.5576342871893685,8.51105182897571
0.14742243447055334,0.0
0.461638607023812,0.9326315522535134
1.063336993196958,0.6454851869943055
1.2971084136764166,0.21640715923239984
1.56736851707049,0.7989582725848493
2.3312243584243904,1.8085095746504014
1.931139414476603,1.8279785541996234
1.7572892225263193,1.9159883244343332
2.5141515344328216,2.6011907383445485
2.198637994891975,3.2134395321752542
2.719906678511739,3.2134395321752542
2.719906678511739,3.2784850415367544
2.291691849149976,3.876415725629629
3.0441145326667036,3.963516656268749
3.011720402472088,4.487006412560806
3.1683252124407537,4.969280785975722
3.914800126571549,4.968889822966484
4.2442702818335745,4.984309756823878
4.43596868367208,4.995096733002337
4.553803387188516,4.984306084924868
4.9825709938091265,4.995081460208018
4.97245478804569,4.981851620433478
4.987298754742085,5.001277487066132
4.995036253631404,5.00830928912472
5.0020433856192135,5.021875471805424
4.997590483382325,5.028589821943687
5.009006715634021,5.0371561973530525
5.0217745547160595,5.066085629727774
5.032407822488589,5.095233755259612
5.06220111867714,5.155606174274547
5.116545405126658,5.177257962547173
5.0742310545397284,5.266889008185025
5.115070455449635,5.045776324893203
5.1827880841112135,5.045776324893203
5.185759844857124,5.051522693016477
5.314902334661114,5.081249876359787
5.629792675132045,5.116201152253044
5.939865416465074,5.116201152253044
6.064772243178475,5.166297682816307
6.520383793369145,5.207651346665965
6.782222729684114,5.264559659446319
7.4643428080073875,5.3724792918061395
7.758523413764378,5.623738619076875
8.534410002486796,5.474779514185417
9.414344947013687,5.832148571531344
9.764097653357124,5.741256608936031
9.764097653357124,6.063074084535634
10.0,6.859911656563746
10.0,7.822582336365372
9.557016193720482,8.650607224995676
0.856610567922462,0.4968710309747166
1.0242010868989544,0.8361633811611513
1.2610859440357698,1.6516138447456727
1.2610859440357698,2.3040343772140996
1.2658294827712728,2.8193354441891323
1.8639126163707471,3.699971647038269
2.299908444158712,3.85756518804292
2.589733173455772,4.330654974754749
3.450903998094024,3.8871287982473195
4.100091020798867,4.152603815366366
4.526890115757828,4.152603815366366
4.289651556203059,3.6367809841571974
4.668805132115661,4.161444196843949
4.705314734351281,4.4672559617862895
4.6766339555989305,4.4672559617862895
4.755957360529452,4.846185672640856
4.857937384755048,4.760044729625388
4.857937384755048,4.920867215566902
4.878784134846934,4.920867215566902
4.7915508323924065,4.9344077148642125
4.875702246834374,4.9344077148642125
4.875702246834374,4.967304819720874
4.994796300960189,4.994718697745222
5.007490626045172,5.002938728827491
5.024053815702383,5.002270312315027
5.015699653993511,4.991702754560695
5.028427909572613,4.996300227495042
5.061365624018206,4.996648308852187
5.080387513316614,4.999128296726645
5.136773103326671,5.004323736931461
5.274305362917277,5.018647446919467
5.4381034326401005,5.035728152007774
5.730422416974699,5.049778696508786
6.0421107636193,5.089689986072106
5.883724570991196,5.165739946353044
6.154303633186814,5.221240242789348
6.458675806758954,5.255188768970485
6.501300538180586,5.114408627758182
6.501300538180586,5.022041303093718
7.048251128319733,5.033520566588847
7.363673181132481,5.033520566588847
8.35612860054246,5.07111145253001
9.122558844290007,5.110877052129743
9.731021590560248,5.070787744573714
10.0,5.04575953431048
10.0,5.095504339290978
9.727418999184177,5.095504339290978
9.727418999184177,5.10995930064592
10.0,5.223817051863082
10.0,5.176435974082928
0.272746812801885,0.6256094585002222
0.7812459805656691,1.0058276807736775
0.8851218052377909,1.8012026488104567
1.8775820867744946,1.8012026488104567
1.8775820867744946,2.014909781923511
2.8837087046312266,2.7715297823902425
3.8128806819456917,3.130489024532907
4.652563999157245,3.762833204910465
4.8756187679464915,3.816005387237079
4.754164602999279,4.433077949729235
4.754164602999279,4.490766221138828
4.868565766301466,4.490766221138828
4.945154139088695,4.825699751521555
4.97464116523073,4.825699751521555
4.991191491631494,5.008256075493149
4.991191491631494,5.013356741047508
4.98261431785042,5.0334905152771166
4.98261431785042,5.067610328473725
5.009998248535067,5.057903820879912
5.021429802055069,5.095989920549306
5.0330102980797005,5.194521061767426
5.063469513680762,5.304030505793545
5.0944762949713285,5.304030505793545
5.0944762949713285,5.304030505793545
5.172051427367231,5.523851250102176
5.248165231700226,5.571397615497184
5.374677871029785,5.1541600280698106
5.522198339986114,5.097769996253093
5.79015758883046,5.18805390611801
6.440931110070122,5.27089311730323
6.440931110070122,5.268296352479594
5.966317084596655,5.539275553161509
6.408501842917151,5.758387030271763
6.963902546083656,6.041064948948436
7.573851074443271,6.278149200446641
7.407858977388541,6.4410973292848235
8.16073705444749,6.51678479371013
8.16073705444749,6.539367985274229
8.397815658470039,6.539367985274229
7.5109746423397965,6.870522313017553
7.7156318663802645,6.373434702790534
8.551547426637967,6.373434702790534
8.82719251902903,6.778401923943325
9.836245045639604,5.975389664916033
10.0,6.317018043347428
10.0,6.234859677831133
9.83487489856455,6.234859677831133
10.0,6.673739264320322
10.0,7.368628408908191
10.0,8.357132625131468
0.8906814448780179,0.14267298217696267
1.5537629547333953,0.3388891833367508
2.5331871667502655,0.6758216321020545
2.5331871667502655,0.9835215258056538
2.812206991277674,1.5339526531593233
3.401898394901425,2.0211605714145144
3.0407208806468193,2.449268407164623
3.5795803308184815,2.454542055973226
4.266710981486768,2.647091375253579
4.13997313316109,2.647091375253579
3.9754801354192564,3.639168401718803
4.322097714705235,4.1418199954604775
4.566669603839879,4.847138771805713
4.787937063042352,4.889742203356179
4.787937063042352,4.961887233516578
4.916032375502288,5.004978273207584
4.916032375502288,5.012610669534332
4.97563548142956,5.02176603974651
4.97563548142956,5.0484580370810805
4.991672996257523,5.1068781803346255
4.991672996257523,5.192468745282261
4.997933011051087,5.358083009995859
4.999440860398053,5.523351800189902
5.003414067024996,5.766877119901834
5.013483453639619,6.17714159325957
5.013483453639619,6.279068032895723
5.036491150104334,6.279068032895723
5.057778600538536,6.904283098008744
5.088763745074671,6.018552051927081
5.175083791861325,6.666316015986281
5.175083791861325,7.000819888563387
5.294144811892693,7.647678192125726
5.420622169808309,8.622975552394319
5.743274842145566,8.988813726138131
5.652379662910673,8.936758993972164
5.695701718305294,8.178286670706246
6.22542328047057,8.178286670706246
6.3535156824735415,8.178286670706246
6.9515451720067585,9.09836319596724
7.571153310375216,9.413541499205435
6.6143915225265975,10.0
6.728541664633092,10.0
7.257898854806664,10.0
7.257898854806664,10.0
7.257898854806664,10.0
7.656315084614251,10.0
7.709486488220295,10.0
8.710662203231996,10.0
9.03219251141631,10.0
9.413997657342808,10.0
0.07173795118420084,0.4193164306422178
0.7920137333791792,0.909376536410123
1.5384375067470364,1.4670081683707172
1.870544094659791,1.4670081683707172
2.5365566325039066,2.4753023149839057
2.8266192533959753,2.880971787618577
3.8110529450461925,3.2868145751835076
3.5064147697723547,3.6660358415553045
3.5064147697723547,3.9657331778973566
3.3357197709034767,4.605883784620004
3.365997849870307,4.605883784620004
4.217619355651095,4.266663680529078
4.5494088686117395,4.266663680529078
4.851925227648385,3.791229930680673
4.8118419169669915,4.471264481206997
4.8118419169669915,4.889195017419742
4.959449744089713,4.889195017419742
5.0016499331125175,4.95774207317744
5.010235821922325,4.990286260874709
4.999849736770144,4.990286260874709
5.005159759429475,5.0048626092242205
5.011909220664192,5.0048626092242205
5.026477126690271,5.007271781283301
5.032870000954472,5.014732633818289
5.075728169034789,5.014732633818289
5.101478869017926,5.002241525713405
5.08968102941435,5.006983172795745
5.157053833908368,5.019814236318209
5.2617916879931546,5.024891789117955
5.509254583066572,5.024891789117955
5.850660565644708,5.043106595120887
5.5099403125633195,5.043106595120887
5.656865423301488,5.087698439473053
5.509839062414021,5.127463360430873
5.805299140317703,4.9989155236502025
6.349048601358035,4.99092653818644
7.2123848769004315,4.995113036053476
8.13386289533938,5.006220256567062
8.400443539687956,5.010293739444632
8.253389911245293,5.029196577073917
8.947402218605735,5.013719721954989
9.723852568606581,5.0328999605230615
9.81990427616218,5.0328999605230615
9.376069948742913,5.055851485392453
9.445119496483514,5.07820844388605
10.0,5.126277914146503
10.0,5.2405943852647034
10.0,5.395685336138874
10.0,5.32156418032896
10.0,5.6424847564063585
0.7598002279132223,0.5375209866459706
1.0696845599963214,1.3615821373705326
1.9905487913236912,1.7693471196880848
2.889908179106263,2.2088832824691766
3.493637471336382,2.2823456996407376
3.8219292662280906,2.8581785516412337
3.056016804100619,3.1083085967496595
3.5596389529374792,3.1083085967496595
4.308427579469148,3.046518873002589
3.7187462613460296,3.046518873002589
3.958928187704353,3.7760573140805707
4.304874239654689,4.04211628157733
4.516090545759582,3.418703338445737
4.931467728536619,4.0435811321780255
4.878005226884914,4.318293734643164
4.9905562822984875,4.603277609725905
5.004109553720819,4.832985366151064
5.0055077841154825,4.900713741936199
5.019572663895797,4.855793831000089
5.01541049163836,4.93336730328962
5.0258662841907435,4.975834659766973
5.040750308208397,4.975834659766973
5.072648673956969,4.989881452723006
5.118982729005914,4.993085508938643
5.246061654998215,4.993085508938643
5.3926041220982945,5.008915379050697
5.430528002973816,5.008580623618024
5.624641623128803,5.013618143541164
5.742650079876913,5.013618143541164
5.818523104236019,5.01973270586679
5.7867696605956755,5.031528943083191
6.092235002501494,5.0501570129363715
5.404479448975205,5.0501570129363715
5.510387142704207,5.110272007721747
5.510387142704207,5.200801388399969
5.761699080163582,5.40894675535685
6.079154936911798,5.806524771429551
6.079154936911798,5.149792136541846
6.8820404447371475,5.149792136541846
6.907421949357664,5.146778947177462
7.181105235652228,5.259787829970741
7.55447259978026,5.471081458615116
8.255926116932677,5.056312528864793
9.005507665718667,5.0854662450755255
9.623021941625028,5.107346307274975
10.0,5.107346307274975
10.0,5.002153631303134
9.083516607632808,5.0106008890009806
8.104116708992793,5.0106008890009806
8.285557612095392,5.01074937708175
0.6742879303543382,0.0891113127248828
0.9322033161164045,0.6631830336143402
1.6624207343009343,0.10057096312371838
1.3907085053367805,0.10057096312371838
1.9194297747238909,0.0
2.192198779179011,0.0
2.4046940844593165,0.0
1.5430041157233791,0.7366677159444552
2.4207333736317675,1.7462715650935412
2.777726776154572,2.5670636622699954
3.6673708958016995,2.5670636622699954
3.7968212584006844,1.863365936506868
3.7968212584006844,2.8696009282500716
4.580520594340696,3.2063886962191335
4.877159238699941,3.2063886962191335
4.998088240561813,3.36138637673319
5.005210214361324,3.7135058606358915
5.0088985903456065,3.97861045063258
5.014403816431326,4.230000822127799
5.011286411247424,4.230000822127799
5.011286411247424,3.7315223279644263
5.010095927659211,4.319816218078329
4.997742973932592,4.524276041583716
5.0088601328085405,4.524276041583716
5.025355763357592,4.565628860723493
5.025355763357592,4.77669464878226
5.0596206627741305,4.947653804259403
5.061242836188578,5.004887794315772
5.1134711571902525,5.003423274995341
5.148866353669828,5.003673461989071
5.2782733646793725,5.005954779667103
5.420699078361556,5.012632180219011
5.721096578256026,5.030734254752431
6.104321433557287,5.030734254752431
6.228870288956745,5.037830232206552
6.525001892218587,5.014946651238145
6.525001892218587,5.0141567287988815
6.867651218225683,5.0277066732226485
5.9286856837448285,5.065406258855768
5.560562729385726,5.131478739268636
5.929186563916282,5.194828349493601
6.545607296860936,5.392651743527267
6.814257942498625,5.392651743527267
7.656367514942535,5.6808870026571325
7.656367514942535,6.012409899990838
7.867648219732288,6.025691522561985
7.203717621158755,5.938663105346836
7.34620438234524,6.167455013584172
8.00018597058456,7.00090961060612
8.417678773993087,7.574085396674501
0.6683920538493978,0.31855122641791417
1.5210805602088042,0.9076566765657497
1.5210805602088042,1.466622178657607
2.014319621444497,0.6531467459815872
1.0801277201011206,1.1787528023251221
1.0801277201011206,1.897156226151599
0.6003191272155086,2.1932961355991756
1.417737442609551,2.5146075644620645
1.417737442609551,1.5380860819027662
2.220997281290936,1.7713067220682739
2.6190180583244804,2.0461060989229205
3.4860330237235906,2.962741084372931
4.018257303698382,2.958438183777336
4.365710941965954,2.8250419454978215
4.610813121910217,3.800841688152246
4.955954210046824,4.039628587447785
4.997321323698894,4.613246813411578
5.00898003549797,4.846855804788911
5.0279598296172665,4.9435406449390324
5.0659123756272,4.891118290993315
5.10422754411306,4.895756787169704
5.10422754411306,4.974105340860323
5.1505198775713215,4.997543233594548
5.005743075070068,4.986384134925739
5.0173371013674215,5.0019704960944615
5.030209759134578,5.0102968245015855
5.0586691136293735,5.00920873214985
5.1046176271559975,5.017722213282751
5.170529433950981,5.04166279748973
5.212946830600152,5.0581514340594085
5.212946830600152,5.0581514340594085
5.212946830600152,5.104512981921029
5.381256361141376,5.159727911091274
5.233508100951156,5.243470636360211
5.233508100951156,5.351017808029823
5.3786450633055605,5.520628954198254
5.620615951150343,5.778915744627937
5.924816850010747,6.19117702827536
6.135740734571672,6.4414038549470165
5.591043030417693,6.744089900862207
5.787057028082713,6.986065188457458
6.117686904099398,6.4663134866115035
6.4147880250733085,6.1862163076001915
6.866188639184229,6.276857280657323
7.296519642071014,7.051895497106529
7.787950501414957,7.730411390850945
8.31262454589185,8.230399074134754
8.580713043452663,9.119708343726357
9.067782668318157,9.528644285105015
9.800462117871419,9.930515842453802
0.4878621915248417,1.0099092042625952
0.8688750660727476,1.1741314065429598
1.242594467137321,0.7921111570368
0.5110370624868689,1.8016685604438358
1.2628552817126812,2.0345530153333393
1.7642063186026802,1.253709525024659
2.240101403846759,1.8295170942610492
2.8075759708368344,2.798974678855946
3.603853956929233,3.3973243798712636
3.7938916339554605,3.771417756085658
4.245864847451964,4.249671679879872
4.537280917464148,4.458126135508694
4.953789314445434,4.9025338213000715
4.9757320524786515,4.90977156070699
4.980248129976288,4.916259338628134
5.005387981992558,4.961313396216579
5.010099409929655,4.934311736861611
5.0158204059024145,4.971422747925786
5.017094466223388,4.994997531209028
4.998425428724937,5.000963968305091
5.004765939389633,5.0116867667826
5.010055103814606,5.0172934687614745
5.013563782529878,4.991554965624122
5.024690154157684,4.9964003666908505
5.056983961609747,5.006346830874612
5.00747600036395,5.006346830874612
5.013311838070143,5.0124357624083
5.02404702208011,4.991420568810559
5.046283088228861,5.0025610642353415
5.037456159506067,5.006638954605652
5.073302635089259,5.014032970387222
5.104164798995921,5.023188539692435
5.154465840240407,5.018749096796368
5.154465840240407,5.022486440465348
5.1846284287251745,5.022120987420097
5.3114212539380805,5.054238367332439
5.5335972094317905,5.070033051661411
5.9020832100301925,5.023567773436879
6.090297433899848,5.023567773436879
6.090297433899848,5.014258435007401
6.389019895614235,5.026311885239291
7.2819749658227675,5.051411082390047
8.271348280648947,4.990321093298892
8.71744687411401,5.001195783926834
9.016930816762228,5.008351054784832
10.0,5.008351054784832
9.672135812747095,5.0173847953953485
10.0,5.011191329653514
9.652959066254407,5.009521651203986
9.524290410835176,5.013733810841829
0.5681241202445593,0.7654130028683713
0.5681241202445593,1.2083837006978813
0.0,1.9464970937459822
0.41728282258535665,1.9464970937459822
0.6235309377376862,2.3248898660709822
1.2920353082686529,2.3248898660709822
1.220539531297295,2.2584541250570527
1.7274684134658718,1.9418409231543063
2.2730126660845307,1.2148729862631178
2.613453522555122,0.579734021381281
3.1331658237466953,1.5894445718225447
4.0964720713128076,2.2736764300080194
3.91109417989156,2.8855091878703223
3.98754190997903,3.3240667210175774
4.727160208513945,3.6926159568084227
4.818847624123771,3.6079003534841694
4.656335005353711,3.9023979357893697
4.741251506978056,4.542480986731628
4.996580977245679,4.542480986731628
4.99459948186401,4.542480986731628
5.00487270368124,4.7422421753128505
5.005524039219313,4.711856070987677
5.001605957103973,4.711856070987677
4.995183952099806,5.002281662926132
5.002158479183825,5.014022341587314
5.013727199748538,5.014022341587314
5.013727199748538,5.036307901851548
5.021661042986313,5.006928765201454
5.036239699922141,5.016867506436756
5.021258359324485,5.023381494967924
5.031661816525261,5.041995364191239
5.068593895897121,5.041995364191239
5.09162199824589,5.060532290244208
5.178940821087483,5.079117446596335
5.1082009846264995,5.129509600567265
5.164193390013891,5.166701151512599
5.230076681892825,5.139419103810621
5.230076681892825,5.1804176301162945
5.229428237478034,5.362702129462266
5.229428237478034,5.7026234779099685
5.237814987652088,6.318653840400932
5.237814987652088,6.3073953851191
5.451698951104544,7.002186121671391
5.714996043030294,6.161189625672117
5.643039773585628,6.924463649378466
5.861998206519932,6.576321905492901
6.220473993638263,6.9941516097627385
5.5991047297644,6.673850723442446
5.1387146400612504,7.460771740389958
5.205893908847914,7.460771740389958
0.7759351054343016,0.0
0.8982373895205471,0.0
0.6480698183480198,0.4152190595707101
1.2296616072269195,1.3581822779195054
1.7006449850805911,1.8032274880560877
1.7006449850805911,2.4686202122184477
2.4761347447604725,3.018839841035179
2.780871273256817,3.063196719908129
2.780871273256817,4.0324764643910544
3.2286607252803017,4.624961275311801
3.1880822371128774,4.33836394772484
3.2116989271539778,4.691499750867309
2.8537594382731686,4.691499750867309
3.2886714655211002,4.576790103017726
3.637833118590832,4.576790103017726
3.91534468748642,4.7230116935910536
4.5938777493962055,4.79951389273873
4.771631420576034,4.947853976926133
4.932742712660217,4.969747243603746
4.942247009481654,5.006922803969508
4.942247009481654,5.016518919039025
4.9923722909816854,5.03391780376301
5.002504967772487,5.061054563153862
5.002504967772487,5.061054563153862
4.996464859670534,5.10261352331469
5.002374187817478,5.132574040690764
5.010069200031317,5.197707456878142
5.0144300134592275,5.236042051219429
5.025928844806197,5.408289329328629
5.046409567261676,5.589193317968776
5.034541402095311,5.8624760576637795
5.0763093339711505,6.0276958874067565
5.159767923439467,6.0276958874067565
5.213909030625441,6.324785820145851
5.265245251865043,6.790378143672949
5.30119792916588,6.478872067761489
5.483468932985753,6.570105155907186
5.483468932985753,6.993483241677283
5.483468932985753,7.435166499075794
5.483468932985753,7.983403705514419
5.89896703183825,8.875413099174745
5.89896703183825,9.62032515498493
6.117202503306641,10.0
6.289791772612803,9.559233747885122
6.87089402809978,10.0
7.449586534665137,9.555007996193355
7.50198145849043,9.887330194945983
8.215932708298398,10.0
8.939810279864684,10.0
9.446526547231485,10.0
0.0,0.0
0.5061162241739569,0.9466045378540783
0.8913842579390969,1.1986989015461114
1.2401943960514363,1.4916324089466118
1.5972843423711784,2.0919697345273747
2.033212919510122,2.0919697345273747
3.0071237274413933,2.674107605742843
3.3697713266981655,3.3518954081335037
3.7470959931750873,4.012973769738286
3.376330234224984,4.2729374602830354
3.376330234224984,4.442468643055475
3.713879836171794,4.582595760781742
3.9043202557118515,4.844713807688494
4.183185483035191,4.954619440101918
4.255912016723863,4.9715493741594114
4.749139367898321,5.008018458745413
4.6363424015049866,5.008018458745413
4.6363424015049866,5.022913362742337
4.550149459546847,5.051235987708541
4.718623637323328,5.094073545603118
4.888197334998678,5.109519130782592
4.888197334998678,5.145379398002652
4.920359445239273,5.255409486664111
4.920359445239273,5.256005732826259
4.944904979423402,5.387309487766141
4.973205553150902,5.538439141366438
5.003289515421712,5.696900984287111
5.011526749033105,5.696900984287111
5.029732841571864,6.280572685926447
5.029732841571864,6.6073966307134055
5.056062818846442,7.420188267992013
5.091866073925446,7.816891549809426
5.0946010678385765,8.51205151510387
5.151603536721231,8.238885636392999
5.216811130881343,8.649262800682783
5.293193378351349,9.045735953941755
5.303576910090413,9.660844839269924
5.440188621469135,10.0
5.807287990755479,10.0
5.901912624900483,10.0
6.165096111844135,9.987469301028403
6.45286561715043,10.0
7.138590231229551,10.0
7.138590231229551,9.422289825192735
7.98303871797016,9.59121399231312
8.189745036655317,9.59121399231312
8.189745036655317,10.0
8.262032424961443,10.0
9.269101344847678,10.0
9.668925723910608,10.0
0.8227752497247487,0.27245368104712103
0.8227752497247487,1.1141362632315182
1.5299422707347414,0.839923931235393
1.4487584988437776,0.1924679890240092
2.1772924739472,0.9944324687705784
2.7604502768974752,1.097222791837217
3.4459456509611255,1.9187604497869502
4.297557403077645,2.3314133354964612
4.638521414718133,2.6255534180146034
4.690354204167511,2.5783879549667246
4.8733841939121385,3.1955907078644814
4.8733841939121385,3.601061310509925
4.960868377776354,4.237501678236972
4.968482744468644,4.31666830157315
4.940208970223474,4.31666830157315
5.000307222490068,4.548183474497571
5.000806920022844,4.565533863413379
5.004006305249331,4.639947657532326
5.0125460277512905,4.61767896645376
5.0125460277512905,4.903508887944106
5.028287081081609,4.903508887944106
5.038506250856188,4.967191397282616
5.077396861086257,4.976680135181895
5.075664490559465,4.950925985370539
5.081893798481677,4.965486191788369
5.143516039733619,4.970561554689112
5.171404956320003,4.987084609535902
5.022463513053059,5.008373032648824
5.035929133344177,5.012276834890161
5.049428944395895,5.005842292184629
5.028296813693874,5.001766970506524
4.995654161530781,5.009450730437322
4.993541264731357,5.009450730437322
5.004968593210213,5.007971928579256
5.012023400304338,5.021081172708684
5.01716682913922,5.021081172708684
5.028932299646026,5.042367872228382
5.041075423139481,5.068379529070262
5.082539670507848,4.999473534779765
5.107963262041229,5.007534256933203
5.186065024177396,5.01149004896919
5.061639467112827,5.002423697465208
5.084843300084696,5.00422071627621
5.108978671015881,5.00422071627621
5.145333066763695,4.993894629189344
5.227878999741733,4.985861088394966
5.398408083929178,4.963232320300946
5.786994117838402,5.009983440674661
5.276197782728399,5.0151175568664845
5.3839660336051836,5.026057373521913
0.7088254700051824,0.7711455464316124
0.0,0.9659426406731865
0.7788810535557743,1.1756392094557733
1.4616436954364993,1.7318984257854675
1.6468750142403543,1.9446256609418244
2.076426465531764,2.7116922487877027
2.6057344615420313,3.549788875824065
3.1603073355684783,3.549788875824065
2.8697181089998374,3.8020517929631104
3.765907056248749,4.5740624514098105
4.619669494774646,4.432898132916536
4.701849304752398,4.732470117404912
4.866986553504199,4.782413734523657
4.952207740394218,4.919244778334384
4.962561682340279,4.925977852370277
5.008755585637486,4.946095745012549
5.024775936839756,4.935728925090654
5.024775936839756,4.951771330155352
5.019507465986585,4.972171081026329
5.030859122777734,4.956986584668074
5.054870956485667,4.978036323165769
5.054870956485667,5.009728768214476
5.112886757359878,5.025609897482495
5.195132281450439,5.040841436766906
5.285037220860485,5.063716626288045
5.41049959900507,5.098222698176847
5.5171320118671145,5.16368573765921
5.032249678811553,5.181223578312552
5.032249678811553,5.270799564759894
5.052093827048679,5.510628594607189
4.992401927409399,5.786287737399419
4.9821675096442775,5.830888889323368
4.98270270317582,6.403736269400401
4.994401450601392,5.762998785073384
5.003052723050993,6.4158386971586765
5.014703104367025,6.865010197334848
5.022903723834617,7.019250948890649
5.022893308037945,6.979082370867842
5.031598908090228,7.929386017312266
5.023391057888374,8.372075669369737
5.049399507525536,8.853331763337138
5.07409038547784,8.853331763337138
5.07409038547784,9.440703593670966
5.098980114181227,9.440703593670966
5.12891250201362,9.380616983770246
5.115813354245259,9.688680048509383
5.009706896774345,9.937919551234748
5.021132798571299,10.0
5.021132798571299,10.0
5.038229576328285,10.0
