Reward
-16.0
-15.450942423222726
-15.347558582968798
-14.922294617003487
-13.877109588535513
-12.884957992024914
-11.482059213079062
-13.363182235594781
-13.898125522553318
-12.662722967684253
-12.241286153224237
-11.38095683555574
-10.34247618536164
-9.78627534487779
-8.47060362865075
-7.773438634124843
-7.69242487734747
-8.329228825229519
-7.839514294699674
-8.505207243216365
-8.728050018138783
-8.006083749370005
-7.968126977558085
-7.730910021604444
-7.331202723100265
-8.120105100121439
-8.122715845614952
-7.548220481988297
-7.074038191302963
-7.045274545918294
-7.0944263048912175
-6.8333009951574
-6.362963973115557
-6.146902766513037
-6.047744865404976
-6.009909266106785
-6.034855043529145
-6.0357332873484095
-6.039350296782646
-6.015578022170303
-5.996584072397621
-5.978932508167535
-5.971819890379293
-5.931805160021758
-5.965738238145137
-5.9518380864772045
-5.9518380864772045
-5.955277801856884
-5.920861821959197
-5.87426932868044
-16.0
-14.893028492957388
-14.230374659223818
-13.467012302603433
-12.861617338999302
-11.735200063523381
-11.71806196591567
-11.59131234518481
-10.148977961566693
-9.877412389369415
-8.94946526532619
-7.565793299861267
-7.128275605593123
-6.443547919330043
-6.033327880767753
-6.004798942422605
-5.986737660645789
-5.95969823152733
-5.898203831982045
-5.849850464302167
-5.68676476042949
-5.579933398060222
-5.445186305890069
-5.165344934284189
-4.702139749354664
-4.4423734846189795
-3.7677150227553655
-4.256755295280867
-3.73253298309304
-3.174118524440649
-3.010009429688921
-2.608787758284369
-1.6877589721614683
-1.279769420871622
-1.273314246241414
-1.2571260354161602
-2.0049512307894943
-3.276505504337324
-3.4353601111995253
-4.0
-4.0
-3.8784553666587946
-4.0
-4.0
-4.0
-3.425818613599249
-3.649568186708109
-3.9275827333622395
-4.0
-2.992664041191528
-16.0
-15.551659030751726
-14.30591442262783
-14.052885255136076
-13.613965955644726
-13.989699849875619
-13.151696871624113
-12.702586270811956
-11.806200863653345
-12.3370754499967
-11.422300341570924
-10.593349408162123
-10.211251457340303
-9.30566100803034
-9.108843460895514
-9.647668867079398
-9.259968607693924
-8.60537475822153
-8.749644101102774
-8.28832703083552
-7.43537639299722
-7.433028223129669
-8.00521243655534
-7.061780220293547
-6.7365027164778715
-6.215681209975962
-6.254618262788065
-6.14549086292887
-6.098044160938842
-5.998995671675839
-5.955072295557346
-5.866015405737042
-5.777092298895957
-5.544075398966366
-5.11638717715298
-5.11638717715298
-4.575879892141087
-3.64940651002445
-3.6100737772650753
-3.1709982372539898
-3.2148450283444374
-3.288046423447102
-3.051852428875872
-2.005556065877273
-2.0776312298609536
-3.409205016908616
-3.6988805879887154
-3.6988805879887154
-3.6988805879887154
-3.296615421343585
-16.0
-15.36380090314642
-14.728352601814784
-13.338798722494229
-12.323023811152623
-11.109887258562305
-9.986170838298065
-8.604753601022537
-8.057619537509108
-7.6256980866042365
-7.333607457701865
-7.880996054935575
-7.594562565692502
-7.187488679045682
-6.899396378229791
-6.301131310033371
-6.133578823181868
-6.043026608211601
-6.005723043126739
-5.990928256389179
-5.981456340687093
-5.970697520470254
-5.951595144552751
-5.920315107965717
-5.887450284829146
-5.818764533154922
-5.632955927327373
-5.30379448441821
-5.295000022686887
-5.837124419079085
-5.984080854694878
-5.973520364873873
-5.968602437620295
-5.937244137182463
-5.887791544556807
-5.985684141169473
-5.965295641923759
-5.939644223387371
-5.936385578033704
-5.883349500153006
-5.780504754276241
-5.707017714143046
-5.5496433305046535
-5.404429932999273
-5.081726103082252
-4.710383417651145
-4.968732304284362
-4.291366664868191
-3.599133985112389
-3.2466538857956104
-16.0
-15.219315331600242
-16.0
-15.608298158197869
-14.726937922447147
-13.225295981929538
-12.731636916141854
-12.235112787583954
-12.151895485715977
-11.779539905138233
-12.497466281932974
-11.753085265869183
-11.914009877793257
-10.964207451613035
-10.317477694816723
-10.228709940701156
-9.580844534017482
-9.478358156361185
-8.339085736344469
-7.316772988041804
-6.534933090036404
-6.205285977923942
-6.1117079677037625
-6.04512903938742
-6.036141886247196
-6.034027378857166
-5.999423442378006
-5.97504518428096
-5.954934035792232
-5.908335676308595
-5.835404644306945
-5.797856766110701
-5.758791200591009
-5.562388537238677
-5.666071935285518
-5.731575625682219
-5.583805711101507
-5.407916594393759
-5.075008117486705
-5.793893170314853
-5.708577947565373
-5.69341594984624
-5.653231695247413
-5.632440998675428
-5.453086209687719
-5.815865724293394
-5.730254092413543
-5.578484153667715
-5.468905737051377
-5.138186323640644
-16.0
-15.545914102525376
-14.95728115812144
-14.19506406847134
-13.907000634886277
-13.322005983999144
-13.634396752708673
-12.383653929008364
-11.291776830957428
-10.196124630781345
-9.369240320291784
-8.305842745219348
-7.926472271936194
-6.948917733429173
-6.413614652362343
-6.373304416843589
-6.236042110004966
-5.986581751958424
-5.87379713004505
-5.7277659351407895
-5.732491312597689
-5.580495546984193
-5.539915630939819
-5.2808737584679175
-4.8911854699128545
-4.403114012085887
-4.968596406474144
-4.826726936534431
-5.049877788296821
-4.971512811444616
-4.729878890042288
-4.386879821885814
-3.7934749415650098
-3.017793942128682
-3.93697728115686
-3.3695841991245192
-2.523386514192813
-3.141387018780655
-3.8144917238464027
-2.8853543678595326
-3.792936146632086
-4.501599376505113
-4.34146259568577
-4.789352807972853
-4.588684279863913
-4.9875775075167095
-4.887490058200681
-4.974122607837908
-4.971438269657105
-5.008477996561583
-16.0
-15.775512481431438
-15.019716464090706
-14.962118666071014
-14.449074852843335
-13.182356856330827
-12.648943659121203
-11.928642479220844
-10.704994702174023
-10.460266440108818
-10.088128581731677
-9.209555399939987
-9.209555399939987
-9.364198530687114
-9.754775802520749
-9.40057556297148
-9.081867835713568
-8.252685718521864
-7.701935763609843
-7.25571052797283
-6.441054852067933
-6.534060867868501
-6.768311359061222
-6.531136968626734
-6.256626173362831
-6.089797227031065
-6.091315195656026
-6.028564758607478
-6.023897356405024
-6.007959471800643
-5.981461449512954
-5.952360193809547
-5.928757912779132
-5.941308616326127
-5.938770269087555
-5.900739153243675
-5.851041492547466
-5.758157936556644
-5.732810081476932
-5.674181544824449
-5.644158345902053
-5.361602745787342
-5.288748641743158
-4.937994820681911
-4.3209949623893245
-3.957686639516563
-3.3592015081902584
-2.6841761877378705
-2.9502790708499322
-3.7386287850532804
-16.0
-16.0
-15.613597685240439
-15.030349674214786
-13.507027331526473
-12.22340038375066
-11.315361556006444
-9.83300069984221
-9.33033267881173
-9.646362948659164
-9.495080611355142
-9.44484651816365
-9.244259600091631
-9.192432379804771
-8.387520793909855
-8.384698693843841
-7.929965887648576
-7.406049329281325
-6.996871077702793
-7.523606954864751
-7.4662263686782735
-7.446764514342339
-6.952721262955035
-6.408738785259339
-6.11258346306977
-5.980069836382375
-5.853020094248101
-5.76978222620056
-5.277995441401817
-4.764548718561245
-4.439572575926604
-4.846470017765569
-4.349607275803232
-3.92759330901477
-4.166401262793577
-3.694283984740836
-3.394381146722286
-3.2069417626306818
-3.5784984949827674
-3.9502549267313265
-4.633103567767567
-4.276853844378923
-4.01003690406074
-3.5365788441127064
-3.404969107870924
-3.4783886041631566
-3.479512327152534
-3.326859331371331
-3.0060839579225833
-3.3717464609461114
-16.0
-15.774030493196282
-14.386718295911763
-14.093758821881437
-12.878213278955922
-12.33922073103275
-11.774716826943363
-12.403217530869412
-11.637026857729769
-11.132776569803028
-11.334200598801505
-10.672664355412468
-10.701036721063026
-9.092820736782329
-8.90627699791408
-9.058106543300871
-8.250602478113514
-7.895439953366604
-7.900517988782251
-8.449917445454979
-8.154576588803074
-7.369519133216941
-6.9741396662772175
-6.664704410362845
-6.091983502860311
-6.026757359500339
-6.016146984361423
-6.03971064642726
-6.020545277404428
-6.005023668261455
-5.986837188083846
-5.973714762995945
-5.934010662996435
-5.878878480006174
-5.792967831877259
-5.93715363693699
-5.922799970019122
-5.8761364698469505
-5.814210357559915
-5.87914111534613
-5.850077817530226
-5.79092943095093
-5.750282957959414
-5.721372659467986
-5.918707025482587
-5.908085084440428
-5.949926686639391
-5.9148435151294905
-5.854283580740557
-5.688956444394612
-16.0
-15.606283269900796
-13.755349636623349
-13.955386580224845
-12.26301282733881
-11.644361636987336
-11.47659366672266
-10.962440917107937
-9.592620844534117
-8.889661832887088
-8.193232541305083
-8.078027947573153
-7.22102931180448
-6.3812389335576825
-6.130440306658532
-6.121236080019547
-6.098743988765681
-6.101881491291127
-6.136873708048278
-6.24304291647354
-6.203343655049749
-6.117458549427089
-6.118661588502357
-6.0481596789073295
-6.071526890357056
-6.037200195881472
-6.025597942134214
-6.007005495593653
-5.97905950728271
-5.907386479737486
-5.849589159197162
-5.728414405461667
-5.721380589749876
-5.705625042246557
-5.580366604264133
-5.7733503483306015
-5.687589840054038
-5.48348692128259
-5.209531115202635
-4.5390246301575345
-4.398104925988167
-3.9379248619948983
-4.603320660608981
-4.263131865607126
-3.386816910609724
-3.577909070478001
-3.033384445334443
-3.1112705779579652
-3.713964744073877
-4.2230793470921375
-16.0
-14.771912222740086
-14.849343800563227
-14.033198373875688
-12.625011814168777
-12.941145454933292
-12.305825958947796
-12.854537572650447
-13.092368571370457
-12.86096617359333
-11.586318687251076
-10.373494252870307
-10.373494252870307
-11.183972628602321
-9.884190399150826
-8.855698137309222
-8.839080480964654
-9.08007081227851
-8.761938854056883
-8.259897144307988
-8.184317229807988
-8.00948992641933
-7.37368405972908
-6.839116142651236
-6.921013468736408
-6.574812887374493
-6.421612315797926
-6.309736196045953
-6.0618113077429605
-6.019965276158761
-5.9917309212386956
-5.9784993759573215
-5.981637788637395
-5.953096816677752
-5.946435186039597
-5.896890290593566
-5.780946778408815
-5.555310194242633
-5.309479866664231
-5.045604887230643
-5.338465819946233
-5.11368639952441
-5.095156050799342
-4.880323613027314
-4.868114599453494
-4.973156481437596
-4.380924304426144
-3.9550990281376475
-3.9550990281376475
-3.3781850697538376
-16.0
-14.047628308013941
-14.374968423936156
-14.794992305673443
-13.340834586024723
-12.011705545797643
-10.64781051051837
-9.708301366131852
-9.300295063065695
-9.426953806679055
-8.680208232195147
-7.9488260548509215
-7.420940797083995
-6.959582544859761
-6.45305693026799
-6.4079671952135815
-6.2486551479890915
-6.142817997118301
-6.044193775821778
-5.956114145225147
-5.9447639595089
-5.918070195925857
-5.871825487364452
-5.9256127436585295
-5.877273331373044
-5.78203862781802
-5.597447378129082
-5.439446524764112
-5.432356837849866
-5.317759184063045
-4.974433699516597
-4.536563859968258
-4.287871041789716
-3.3660483698712778
-3.2452975226988885
-3.6179780541367004
-4.184229991654526
-3.0109180507321884
-3.5000013840857767
-3.4351250140248037
-3.892111572600977
-3.8008385943555636
-3.702812840322931
-3.259089218611452
-3.259089218611452
-2.5814711701169095
-2.0019723949028005
-2.342703524411183
-2.6680342211612427
-3.3249732443388957
-16.0
-14.322493602717278
-14.767190038878159
-14.074751626009606
-12.33284832459062
-11.851935741528997
-11.677725353580712
-10.687812135855836
-10.479842368060073
-8.963844766266675
-8.927606685315823
-7.926021308138148
-7.164586907977768
-6.889822127700375
-6.893267061686166
-7.313213055184619
-7.242303166566496
-6.957930936421363
-6.941042783911504
-6.305574936582913
-5.9344565262677635
-5.949998154116637
-5.914720526463809
-5.921953449869669
-5.861111344890673
-5.755375468861336
-5.550373334767952
-5.546423735776586
-5.547756429384546
-5.412845388362178
-4.937073095746887
-4.373376820813338
-4.850978899844993
-4.94085171981703
-4.586288164090371
-4.236480315087664
-5.1230891279710296
-4.701659478954406
-4.687930975517427
-4.32677773232892
-3.641137128455161
-3.1912372641961033
-3.5525428247461317
-3.009590698549821
-3.9258091114964824
-3.6543919194643264
-3.787554109344775
-4.784771332766406
-4.583637180375745
-4.7363892132906456
-16.0
-14.781540168838008
-14.811807795438423
-15.174201698530348
-14.140412662512624
-13.123933279660804
-11.915575988851637
-12.425884340142462
-11.399006125847668
-11.106164358255414
-10.509810701591446
-12.383390407728804
-10.840782717320362
-9.899339998117133
-10.523282087586036
-10.145565231652274
-11.564702071971318
-11.577667729469901
-11.581087941724105
-10.76659873306868
-9.300744270074407
-8.047081481657138
-7.8135520690061036
-8.231289368363683
-7.287012479923331
-6.423942374779045
-6.204482636803871
-6.1312989265368145
-6.13768931067415
-6.138155610742223
-6.043346482388955
-5.987887876085091
-5.964621279244503
-5.9598486769399965
-5.95335322739234
-5.945347370774395
-5.932981133383809
-5.918874276368333
-5.879180187317004
-5.824276994951113
-5.808305014112249
-5.737553113944107
-5.5565875585589515
-5.2866750131751665
-5.329134119675639
-5.412566096336102
-5.094675001164587
-4.550942537938075
-5.020767347158645
-4.711362138825322
-16.0
-15.70356416408597
-14.927198443215557
-14.236004191894484
-14.236004191894484
-14.236004191894484
-13.676780521669262
-12.899027188257254
-12.973387376682044
-12.947921303623879
-13.407683301223003
-13.788992938615023
-12.268179066945507
-11.277555971626008
-10.439216321909155
-9.73840242057869
-8.384526087905737
-7.561039642351621
-7.11611635929018
-7.023819311286076
-7.023819311286076
-6.513998196593275
-6.228581552443535
-6.2072543343483515
-6.2025391213239764
-6.272903342452339
-6.214258970355116
-6.090864091734956
-6.0177130969238135
-5.956774933542362
-5.911831800578411
-5.787955331422054
-5.6500726090273865
-5.483521684056756
-5.482142349124645
-5.4739389316202045
-5.204660387687597
-4.739550797331404
-4.713235369591925
-3.9657022437686846
-3.2448334632889475
-2.790659369308586
-3.2623907327956854
-2.630001159652249
-2.7361387763139673
-2.5507475752145705
-2.4363341543471746
-2.3277084869142817
-2.8442362162870296
-3.8946382680110903
-16.0
-15.188459336549466
-14.757790558402993
-15.120515249490428
-14.041009157363833
-14.835798642436554
-13.23789510450936
-12.419162396237994
-12.239060462336443
-11.914202347820725
-11.123296251361522
-9.651586645481471
-9.391338641390785
-8.188165226016796
-7.904684252601386
-7.742592583976761
-7.109681711574739
-6.90322810919644
-7.130568764416851
-6.399081384353963
-6.209217861188036
-6.04301274603257
-6.0298685964058745
-6.079568595334966
-6.1211063974179245
-6.2484603542967
-6.463447059928037
-6.405950380933439
-5.990412948775414
-5.933310118980905
-5.935030048799587
-5.903659095713455
-5.807897399022802
-5.868213492623602
-5.780798766789996
-5.729068030712418
-5.620110105970324
-5.405986158118829
-5.5059047212074255
-5.547132791727044
-5.379669981109455
-5.136928874563357
-5.1634213512227305
-5.086700687582056
-5.179060899877307
-4.7150708181237535
-4.5154854247512874
-5.346295653579157
-5.179803268636347
-4.482705167208186
-16.0
-14.590287313390565
-13.972524741523655
-13.424067388521639
-12.87675202995252
-12.424045913885125
-11.027294260933285
-10.859266759087816
-10.58230453389345
-10.277329788644995
-8.953348536116135
-8.645646500253171
-8.536826872358382
-8.254890528542159
-7.579014007826455
-6.860234144608106
-6.209707795408674
-6.194258818011901
-6.248829481364848
-6.10307261191121
-6.071277513015533
-5.856851588943682
-5.916536228270557
-5.899552486500135
-5.893014752930567
-5.847107165735106
-5.829869553468834
-5.773379449802166
-5.72364324263547
-5.726660219645472
-5.691161133680774
-5.463529814397437
-5.074121747417852
-4.858967075388205
-4.363724500016937
-3.870193085482817
-3.429180539117338
-3.613246205724977
-3.068433072996065
-3.632741519297382
-3.590745569180452
-3.4013152881100543
-2.477237319717207
-2.2999576001293125
-2.980841369060906
-2.1876321756433947
-1.5445724447246887
-1.5363214097754483
-1.570195424489068
-1.1201909416849665
-16.0
-15.431884318683547
-14.676422327731363
-13.665730290906254
-13.588968218439478
-13.818289704849343
-12.70421817079444
-11.887486661095384
-11.824986372448805
-10.859660219352646
-9.552629740203692
-8.632793549044184
-7.9249682555748935
-7.748523934633185
-7.840744462537381
-7.240276663474807
-7.0097190190912775
-6.245380802847761
-6.162216666506755
-6.252427234790018
-5.976609457016072
-5.96338708813817
-5.947554715913604
-5.899288983161735
-5.928446656297481
-5.864922989960308
-5.7899497312492905
-5.69213071409909
-5.786090601925596
-5.621519619693251
-5.470341353140983
-5.028377199712834
-5.056527242669409
-4.579352694562504
-4.646256250710692
-4.633846135806906
-4.209166094886515
-3.413266301655714
-4.242744726056753
-4.438298158210579
-3.6832618435620166
-3.843056518376798
-2.790895598001863
-3.2483555951556253
-2.732641038970127
-2.802774745286361
-3.5701847520061643
-2.8502658397875793
-2.3397743439482044
-3.077760613468678
-16.0
-14.652970846655634
-14.652970846655634
-14.003712009330743
-14.030165250041385
-12.323566405574983
-12.115073199410027
-12.15907893650143
-12.004060572063633
-10.533573254216147
-10.647896547017638
-11.327575712412443
-10.288931953685246
-10.65172377363633
-10.014822501849828
-9.30305187200621
-8.970855034465131
-9.174499801319717
-9.19654604312871
-8.43081661806437
-8.007519562593382
-8.082733937958666
-7.546440932581715
-7.418470015451184
-7.501861208342957
-8.152011586323274
-8.357720024600006
-8.276276526009632
-8.677246986598117
-8.68383152124659
-7.964427581207253
-7.7147832945502826
-7.04157783853332
-6.61310263323264
-5.982236829370372
-5.952231560191208
-5.6951852476208185
-5.510888554063294
-4.879455755908316
-4.800353241173363
-4.273619271360218
-3.730063606778333
-3.0930966219843743
-3.545877775966325
-3.046621609124874
-3.0519175916050854
-3.4735868328151964
-3.699685851516075
-3.6656511434931733
-3.217867348500924
-16.0
-15.565449399175893
-14.55804133117588
-13.621025070687
-11.821735673351828
-10.784034972977878
-9.878953184322775
-9.136596622532265
-8.681142289574236
-7.515756243508435
-7.456856971721621
-6.781353272851559
-6.720675210330488
-6.348759806334052
-6.209007490389895
-6.145657298429605
-6.069487053294261
-6.06536007748124
-6.083046038916509
-6.027870949757409
-5.986275164485032
-5.967254046511583
-5.976792152550254
-5.954008454265207
-5.927132174370921
-5.913266363244709
-5.835597590828338
-5.763022893751855
-5.797656046044463
-5.879684261536601
-5.783885032014806
-5.634829785853808
-5.283587320594456
-4.996155740851998
-4.438327179856586
-4.1891169930335215
-3.668203267974299
-2.9983725705335695
-3.723272433807069
-4.117262776880802
-4.286144418430501
-4.66566268075112
-4.608663146814566
-4.389963024763484
-4.170329413196765
-3.835013758992618
-3.7489149437389013
-3.7489149437389013
-3.402062474751694
-3.2669077735223713
-16.0
-15.3322466761297
-14.070626182932301
-13.620800359266052
-12.266111364095156
-11.959236373121652
-12.669787619976042
-12.988256731788791
-11.82182685755728
-10.173945287350824
-9.19096192131817
-9.120988490463333
-8.349212293244308
-7.752017636182119
-7.29722173648376
-7.022941462633142
-6.289267903953811
-5.99790520977488
-6.04858268884308
-6.0018046809416035
-5.963016893170914
-5.923422291361905
-5.898108124174956
-5.922505980008737
-5.824093031109428
-5.690719408497567
-5.640047974155064
-5.787225793187316
-5.888269301581815
-5.874724567564277
-5.7639265206471455
-5.877781994736025
-5.786421498336986
-5.744716943407364
-5.636651899577557
-5.337546014209815
-5.07907444221933
-5.0035084921660085
-4.8680978233050265
-4.5749045785702425
-4.7215835699247055
-4.88546713546851
-4.279248764390348
-3.9692617004061823
-3.4969025783778127
-2.9807474566376744
-3.4041942986773153
-3.3269516638333796
-3.786406936651318
-4.037840013262179
-16.0
-15.950472325770345
-15.479369994398612
-13.73789356836454
-13.054910042048284
-12.23856313131581
-11.48478746077094
-11.107267124014506
-10.372204391691714
-8.790357290450347
-7.878175028696067
-7.308570440995143
-7.230959380482709
-6.788723521794712
-6.265125599003683
-5.974342578146489
-5.948462019373462
-5.939665708237043
-5.915545186853672
-5.877167542357123
-5.806984933289022
-5.662325244213219
-5.586842452664322
-5.296042443333242
-5.707349244174132
-5.661245367439498
-5.502653250040579
-5.124292072555477
-4.66212426594019
-5.25580107046071
-5.352163999021918
-4.984243182120026
-4.72150747315324
-3.9783303974293975
-3.3190669115698936
-3.9738893833358526
-3.3082304670743943
-3.455553194218001
-3.808595899734348
-3.3590588981767793
-3.749479979431965
-3.1011605450200275
-3.1701647845205345
-3.688191251424037
-2.6719907992825096
-3.0323470969878494
-3.0850237229921946
-3.5379199586157597
-4.066732322070834
-3.4961380220770595
-16.0
-14.854650338772739
-14.229941716484957
-13.94445573442145
-14.475316918632764
-14.360794006683594
-14.148308672148618
-14.181053670901425
-13.174499177265602
-12.198263680501595
-11.412086757692627
-10.584646879664403
-9.136258519893303
-8.274274505545446
-8.11392332838432
-8.361006187229084
-8.347812464598679
-7.634811679437813
-7.7672333109662235
-7.5841861899833765
-7.569713703865196
-6.7688050714656525
-6.489008039042743
-6.426804028208244
-6.339910654651889
-6.575298071898074
-5.818779452214384
-5.818779452214384
-5.491013860070449
-6.017435107639687
-6.204957378891009
-6.2069684457523
-6.051879801894917
-6.040630249793234
-6.075940873173337
-5.9972623787604
-5.968775548924311
-6.042099261915533
-6.019533552531108
-6.0038579547304085
-5.955962171215275
-5.934016939008283
-5.9243260970470715
-5.8421678224521685
-5.760548110840222
-5.6751908470777375
-5.5615196148056105
-5.426440608525331
-5.3798223722037095
-5.212152438398387
-16.0
-14.898286325748456
-13.981356322459284
-12.366477686924716
-11.521092652339506
-10.33088646634647
-9.89357658034919
-9.068215071782397
-9.488890131876666
-9.291433800562555
-8.226321861832421
-7.2627996995460755
-6.733975539909638
-6.22038841268436
-6.100724741178121
-6.018152375561743
-6.008934462228194
-5.997821225821594
-5.994041924038582
-5.993908940799377
-5.983933091258022
-5.990794571799812
-5.985725311680453
-5.995274682299658
-5.979945942804297
-5.965119254698286
-6.005072294920925
-6.004004639375677
-5.983081565984842
-5.9887055114643495
-5.98081225421636
-5.978630476053102
-5.939767891384017
-5.939767891384017
-5.884561264465434
-5.8251120570315384
-5.805058165416974
-5.812137641174022
-5.897837028291334
-5.846132410150035
-5.814411988054315
-5.719072934512385
-5.65825212261358
-5.3955296456437
-5.332567622315242
-4.833218905758985
-4.515659279894575
-4.051093468084952
-3.176182218252346
-2.309353419459752
-16.0
-14.578672157615927
-13.173945321169986
-12.54510930573945
-11.950584762287123
-12.889510668576344
-12.0687623183298
-11.34227232729835
-10.486761679010993
-9.482355530782137
-8.854078347205899
-7.8942410211386935
-7.630338912569865
-6.867326346426063
-6.645231042688911
-6.6722484524915275
-6.5739493264469715
-6.575606400525481
-6.558827656400931
-6.290341027472379
-6.078574007946259
-6.073219190139929
-6.01174311547908
-5.9863071804227195
-5.9830464180794225
-5.951739487708513
-5.903653602856906
-5.904336237562569
-5.838216693586334
-5.790961809929657
-5.696411241809764
-5.5811885240425125
-5.470959077581029
-5.122059940157453
-4.594516750016332
-4.094739339451805
-4.0120342215220735
-3.8246492116616295
-3.753091712085225
-2.7095035136909846
-1.9363767151756113
-1.393162246125394
-1.0094721873456907
-1.0776702541388161
-1.8095234441452446
-2.0147881993534806
-2.5081128899310086
-2.618224855496245
-2.260594389326446
-2.857501260320719
-16.0
-16.0
-14.957682205567611
-14.872261202403655
-14.081920230197612
-12.813880598414041
-13.577829510941317
-12.507229212516323
-10.845725889391051
-10.372836182151953
-9.724880232727644
-9.19650590483595
-9.017333923236148
-8.67852156543885
-7.585177010476416
-6.864014177534841
-6.399839659470584
-6.177692537190968
-6.124954680839467
-6.1202067492731205
-6.05755924664501
-5.989422057686259
-5.97093030447003
-5.9533120406796805
-5.898888293545317
-5.859986226658465
-5.792881620134389
-5.748776647405644
-5.622059010524024
-5.670102757565503
-5.519590205610024
-5.252720559920156
-5.02910074420758
-4.753455565801246
-4.604573508542561
-3.83940854864022
-3.1424469818074403
-3.669040114204856
-4.172223815169386
-4.9873877567703016
-4.974238536631945
-4.72665197907044
-4.957079044080743
-4.957079044080743
-4.939438781793288
-4.904920762142477
-4.87355685345484
-4.853717615768861
-4.879549349184194
-4.782130338893826
-16.0
-15.107047325746407
-14.521750890632871
-13.32253588275818
-11.883792812827796
-11.942615578682428
-13.055494145210893
-12.306232360447105
-12.559861898066174
-12.380275506906365
-11.339577329641003
-10.474844550905253
-9.356303257154883
-8.806626133514087
-9.559488332395262
-8.701539416166861
-8.590314138623384
-8.426122086516518
-7.80189718576407
-7.489106423419829
-6.8352951827873385
-6.8320115160816615
-6.530967562874178
-6.721232353783158
-6.419050227224535
-6.248625478265684
-6.242238643539864
-6.073067614242303
-6.052572086797861
-5.990104404398365
-5.965714819357899
-5.974493766210376
-5.958520089066269
-5.955174371827632
-5.954969171774983
-5.9498378880874805
-5.972914871464357
-5.944595916417154
-5.924812088372527
-5.935181708065054
-5.848749659835706
-5.821980497382088
-5.6439719634563
-5.625054032824972
-5.599193557221037
-5.5338751028545055
-5.472600153532977
-5.356264448573171
-5.208529892417523
-4.825752210789165
-16.0
-15.90197285922433
-14.642356481138554
-13.597716927064225
-13.205767345626459
-12.613089094114258
-11.328716300160636
-10.70549423901991
-9.730998973739728
-9.560626129928586
-8.871833186046011
-8.3132644026788
-7.455692678443989
-7.169475243162217
-7.120503263600468
-6.4005926803183435
-6.219575669561523
-6.1525234179494115
-6.027680486634597
-6.003101825662078
-5.9714415757274395
-5.945167837410342
-5.9207710212069316
-5.912105190128532
-5.809706083666741
-5.800774300640809
-5.781288325854267
-5.841336887839916
-5.757281921701431
-5.711571005245543
-5.70787839947277
-5.509031994005626
-5.309036112760152
-4.880755292592016
-4.54292254937953
-4.405258630961251
-3.688992246459425
-3.960293764960988
-4.642201016850743
-4.930919312458117
-4.310723711014465
-4.1830776570071695
-3.4303990674063805
-3.0679514413895514
-3.095869146220955
-2.723083559283494
-2.025590469898976
-1.9207711716039446
-2.2159134034282957
-2.038703787299781
-16.0
-14.871125418317153
-14.965698391929756
-13.522564871391832
-12.392729142920082
-11.701348775766194
-11.87431587707259
-12.80711749872054
-12.469573454474164
-12.330285656757255
-11.923581955395413
-10.700609343361585
-9.917900707305153
-9.735610888138936
-9.735610888138936
-10.160923787098291
-9.832668825838834
-10.489948159261917
-9.979167106751664
-10.015128448388786
-9.42636486648546
-8.300482651282245
-7.618769345020809
-6.907647173030297
-7.305553148461146
-7.165469077602407
-7.441184249484981
-7.07787339279283
-6.745319349485172
-6.295632517217896
-6.229493002627167
-6.122074538207006
-6.028249135139013
-6.031807080955765
-6.025875824768832
-6.041039907813794
-6.037913011589208
-6.033950862086063
-6.044272574554427
-6.042061351326992
-6.037722919494555
-6.071053495645667
-6.0482083874092165
-6.0856464197861655
-6.134482162298329
-6.2037621512023415
-6.038015615410572
-6.001005008988529
-5.982509818465855
-5.971602483659425
-16.0
-15.492308836725677
-14.578899206302772
-13.303399568648132
-13.021325191405278
-12.63051225219679
-11.438414809382472
-10.4358889959522
-9.287237970457857
-9.30542759926729
-9.601423210186592
-9.36729265679757
-8.393019853690284
-7.552836791086231
-6.891966743500052
-6.465570183163696
-6.105630714249272
-6.095333383876304
-6.07523509716636
-6.156949419229817
-6.1523619823185385
-6.02324308740751
-6.0101796209791525
-6.014155879881789
-6.014084735724374
-6.010520913698326
-6.001762250792487
-5.998596259199652
-5.977805401564635
-5.9771595937240924
-5.955391084008283
-5.941879057321999
-5.880389107206604
-5.912884297211221
-5.83861552450503
-5.6897001453344
-5.702526432013992
-5.539431756470449
-5.5222218549829165
-5.073714199903888
-4.405003830303253
-4.511193780718336
-4.0373514230045044
-3.4433860818416857
-3.651052353402563
-3.000406033918492
-3.663523386108948
-3.069393911184263
-3.0244494487374123
-3.5459387370158435
-16.0
-14.948644462384355
-14.37615044101236
-13.715536372852263
-12.57834585359953
-11.728304170633688
-11.061495373410008
-9.827948901123413
-8.903143354656438
-9.378912909814419
-8.328650344518525
-7.489526274407229
-6.836704041106506
-6.732639254435812
-6.615863022251535
-6.783705745375413
-6.463754722121987
-6.397460975863398
-6.132471760876596
-6.032575107025528
-6.024314350697052
-5.975892836278449
-5.950948402252401
-5.967504619852477
-5.928688191809058
-5.853710859722948
-5.776798294553463
-5.5448562040575275
-5.269330985326262
-4.815281918963475
-4.22533903524637
-4.114442161132234
-4.191216080302629
-3.8112091989784105
-3.5554009149742773
-3.068551469394192
-3.4786103737772107
-3.253328273845897
-3.9277083880376935
-4.066980292134982
-4.046440385949858
-3.6488688380013174
-3.0011731449879973
-3.3397669238751604
-3.551842665405161
-3.551672555140441
-3.0071174128172338
-3.5439886201624144
-4.276809373478331
-4.843683991106375
-16.0
-16.0
-16.0
-14.7085455932305
-14.580875587987293
-14.012885636083212
-12.771105171129605
-13.889778426962323
-14.362193541448487
-14.56955989972028
-13.539006516037208
-13.02787834390502
-11.833114599525238
-12.17310347322918
-10.638912554659072
-9.705410743996998
-9.16238544253068
-8.562404516169995
-7.819110219352273
-7.552027288554761
-7.134469585539231
-6.694831272972585
-6.741708105451964
-7.171905235474551
-7.271485022405237
-6.603053391984946
-7.001303783883015
-6.484084464913988
-6.200884022597854
-6.070717619660135
-6.118363345523667
-6.043253796232017
-6.02468881952185
-6.0134861358345395
-5.925511430718234
-5.920985739050397
-5.938096571765829
-5.896051370067232
-5.8866062736680025
-5.856784443012208
-5.7749431794136274
-5.721030587778354
-5.493722647043071
-5.261151487410542
-4.631720884037239
-4.62105193613537
-4.59136428814745
-4.600121104098244
-4.345914401359705
-3.4845458845710002
-16.0
-15.203705160021201
-15.197919150126712
-14.103741421189056
-13.047246009221414
-12.72511498818309
-12.303480944125711
-11.48155568495494
-10.349723499432384
-9.812501221354086
-9.2131378364809
-8.708532984721526
-7.890954952848491
-7.189591576020338
-7.0386420572226935
-6.187798642948883
-6.110151499354851
-6.11634993437599
-6.023365490001546
-5.98462281968649
-5.983383332467894
-5.991382491426245
-5.988909193069923
-5.984009731632246
-5.964385545806306
-5.944271010594259
-5.900764388790002
-5.881681157852995
-5.878793724439212
-5.809641024215832
-5.797452278348462
-5.847752555814452
-5.776088638356561
-5.70330905812612
-5.425637632949342
-5.469902593327626
-5.779841341232244
-5.700738988672258
-5.703184395510698
-5.638677165720846
-5.508964419337631
-5.362813580969227
-5.20772867885401
-4.933909175734096
-4.641163674296267
-4.276255233849864
-4.370199764092318
-4.603208958743747
-4.466801668293703
-4.056999622086734
-16.0
-15.848230240003744
-14.885086702112645
-14.012907522698018
-12.816469691124855
-12.538261594459744
-12.496147751761756
-12.047950976695947
-11.047175702838778
-9.363122766258996
-9.246814767184155
-8.608607593194701
-7.9294315563794395
-7.018680774754561
-6.617555866422221
-6.287193425781457
-6.144734138650812
-6.049104029632987
-6.046794588342886
-6.037656491342135
-6.0010273674989
-5.973069954948787
-5.95820194119211
-5.905168397313435
-5.843691642825103
-5.871833463051644
-5.847743901038286
-5.765341708690663
-5.65703660854654
-5.650795732930708
-5.365550807299096
-4.967776187440134
-5.329695235884917
-5.144045225931148
-4.67687785001676
-4.219281115088141
-3.866863380165607
-4.49270481080375
-3.666699640650653
-2.7881951985134696
-2.9916747094545464
-2.0901326961659654
-1.5488137847013181
-1.6053625983802462
-2.4920869923961817
-2.8560115466433977
-2.9426344460113727
-3.0069985746922328
-2.9733295305175496
-2.9391431668576153
-16.0
-15.315155589649645
-14.709257868758424
-13.585945777798724
-15.327172956097403
-14.719434919852619
-13.678311971676276
-12.747933716638395
-11.953194144799044
-12.41165714555154
-11.546977845318263
-10.408000273565444
-10.289226517840232
-9.588399964343653
-9.738868499667559
-8.890577576468374
-8.559935176821183
-7.67170005817137
-6.6705494551490405
-6.243043183771354
-6.0997214923848855
-6.021984181007122
-5.99419557941122
-6.003161280347761
-5.9922185780076855
-5.980902813423602
-5.990299700296887
-5.999389074193031
-5.994355524321166
-5.968198491426928
-5.944835657288011
-5.968489261856851
-5.95125019404141
-5.945592035997331
-5.906202978336628
-5.868653125127726
-5.860846572268416
-5.879943161467121
-5.782242927563548
-5.6300427922461935
-5.533205962060781
-5.450760031780023
-5.000147088078908
-4.7189523465718795
-4.646865816815903
-3.8830938644440307
-4.107955926156893
-2.9084143576302486
-2.427455188746439
-1.1901775393927991
-16.0
-15.578333342524964
-14.336295580468324
-12.757381623077169
-12.978060645490846
-12.928594131836904
-12.051857534870043
-11.603714077406751
-12.852503586972912
-11.685115465433364
-12.518708800920425
-11.265080356553547
-9.824964828373043
-9.428966756068846
-9.187417348200665
-9.435221980885053
-8.823293903581469
-8.624338864652167
-8.71002456951462
-8.49050468882906
-9.189609529040649
-8.214551914251794
-8.432422037681068
-8.432422037681068
-7.979777038292961
-7.565004858592447
-7.017449258235853
-6.278182330684382
-6.340009607631714
-6.230572561451254
-6.218517246521574
-5.99972010354977
-5.955326993040475
-5.942508105698673
-5.89707336455298
-5.840569384513688
-5.752772078378357
-5.720044122834009
-5.659659687422012
-5.646402628858083
-5.353406238101232
-5.14208416810023
-4.411121483166962
-3.515119054789011
-3.4648545609359003
-3.498296786201486
-3.5865990419016764
-2.9057966863806097
-2.322768521878622
-1.258856649072242
-16.0
-15.852577565529447
-14.605729840722674
-14.291177819808738
-14.486484427091185
-13.63367321034466
-11.86026606692521
-12.240882031323775
-12.326722453039348
-10.88465772722263
-10.587922472932771
-10.066653789313007
-10.001608279951506
-9.831892425220396
-8.992368811064548
-8.501273184967106
-7.862394001583524
-7.1163100504619665
-6.771419961342548
-6.568934583325583
-6.461890527886616
-6.022347545982855
-6.045693591520832
-6.011423758191783
-5.996654457243876
-5.976081142575363
-5.973819694673988
-5.953837087012927
-5.912139815556166
-5.872358422251799
-5.782192707048313
-5.7061966323261695
-5.6588799372752465
-5.839153219657162
-5.7714355909955835
-5.762717462126399
-5.603847788979099
-5.254006172614911
-4.943933431281882
-4.768930074005218
-4.27196485996489
-3.953217610869567
-3.163177900186473
-2.6177379671587477
-3.059630488301379
-3.5821963754823427
-4.022841044421093
-3.7010235688214905
-3.140088343436254
-2.1774176636346283
-16.0
-14.64651840110282
-14.139635531939895
-13.087300211218558
-12.43487967875013
-11.914835073039594
-10.436115736590985
-9.842526367798367
-9.07961185178948
-8.661967203658657
-7.747305163834768
-7.320506068875806
-8.073567459639744
-7.16975067104039
-6.82742930386243
-6.85611008261478
-6.397856966829692
-6.382017885619564
-6.22119539967805
-6.2003486495861635
-6.274041452743381
-6.189890038301414
-6.156992933444752
-6.0104850012945885
-5.989570645127337
-5.973675871982589
-5.9925975914457945
-5.9752718629323445
-5.941986067129607
-5.920484189956741
-5.858903159741868
-5.707047190163256
-5.526168415352125
-5.219798886516515
-4.868199250308594
-4.95053548265576
-4.624456124023839
-4.286135424270561
-4.384290834061232
-4.476658158725696
-3.9182283050914197
-3.602806252278672
-3.28501714801245
-4.011681792160264
-4.660233845986534
-4.95424046568952
-4.904495660709022
-4.6319146598932
-4.617459698538258
-4.776182948136918
-16.0
-15.101643728697892
-14.212926338660655
-13.313675545951753
-12.321215264415049
-12.107508131301994
-10.34476151297853
-9.056630293521401
-7.58460279593229
-7.30837584481643
-6.812757447271486
-6.755069175861893
-6.640668012559706
-6.22914610938975
-6.199659083247715
-6.000552432875357
-5.995451767320998
-5.983895166872464
-5.9497753536758555
-5.932097930585021
-5.882580277395625
-5.772468640152874
-5.632499980525693
-5.601493199235127
-5.601493199235127
-5.304097322530593
-5.18043715280259
-5.471162100900404
-5.380031663760793
-5.02178850505153
-4.288175772626648
-4.290772537450284
-4.4944073622418355
-3.833111126811086
-2.9950325049679085
-2.147999725110088
-2.1510436933266357
-1.6439522607373593
-1.6213690691732605
-1.8584476731958102
-1.618503044642651
-1.9109334308292016
-2.178112723847433
-2.0487905950857046
-3.860855380723571
-3.682981956652572
-3.7651403221688673
-3.6000152207334173
-3.3262607356796776
-2.631371591091809
-16.0
-14.96664557294502
-14.107347861929853
-12.79099120114768
-12.48329130744408
-11.653840355563002
-10.576941033684061
-10.510010712188556
-9.965877613208292
-9.086197643259652
-9.21293549158533
-8.38535146286194
-7.536082289834288
-6.5861916243544085
-6.322320733601469
-6.25017570344107
-6.078989351290128
-6.071356954963379
-6.002598478823931
-5.97590648148936
-5.9014488234078515
-5.815858258460216
-5.643983978953054
-5.477207339412045
-5.22970881307317
-4.809374953100811
-4.707448513464658
-4.684440816999943
-4.03793830145272
-4.892684202998248
-4.158600192152394
-3.824096319575288
-3.058176995981581
-3.2023533825860104
-3.245538883992565
-3.2843793310614915
-2.482584952400952
-1.9528633902356765
-1.8247709882327046
-2.1468180239604813
-1.8423881888302187
-3.3856084774734025
-3.2714583353669084
-2.7421011451933364
-2.7421011451933364
-2.7421011451933364
-2.343684915385749
-2.2905135117797046
-2.710662203231996
-3.0321925114163104
-16.0
-15.50894561817358
-14.298609730210696
-12.994554324882246
-12.662447736969492
-10.988141052512187
-10.292408958985447
-8.9021324797703
-8.827549388672342
-8.527852052330289
-8.058396444476518
-8.028118365509687
-7.515716963819827
-7.183927450859183
-7.3568448416709415
-6.716893601826012
-6.2989630656132665
-6.151355238490545
-6.040607993710043
-5.999477917202967
-6.0098640023551475
-5.989977631346305
-5.9832281701115875
-5.966251092026428
-5.952397365227239
-5.909539197146922
-5.896279605268669
-5.9033357977899055
-5.823131929773424
-5.71331652288889
-5.465853627815473
-5.106232839234405
-5.446953092315794
-5.255436137225459
-5.362697577155106
-5.1957853360320945
-4.6600248604555246
-3.792502087046093
-3.1276426387723184
-3.390149800243324
-3.2241933341713755
-3.9336824966507455
-4.69095260808352
-4.787004315639119
-4.32021846335046
-4.366911052597464
-4.873722085853497
-4.7594056147352966
-4.604314663861126
-4.67843581967104
-16.0
-14.702678785440806
-13.568733302633145
-12.240104088988224
-10.90120853842456
-10.22401682902288
-9.319892182130676
-9.835674599149723
-9.332052450312862
-8.645053547528263
-9.234734865651381
-8.265014498215075
-7.653009478767981
-8.06520611579468
-7.024951139285355
-6.803701038471922
-6.406166107975608
-6.162905080128117
-6.093778473948318
-6.124633505104113
-6.05122220507202
-5.998299056042283
-5.98341503202463
-5.937469873320024
-5.887931762055443
-5.760852836063142
-5.598480498851009
-5.56089137340816
-5.361740233330033
-5.243731776581923
-5.161744189897191
-5.181701396321134
-4.857607984562135
-5.545363538088424
-5.379340849574046
-5.288811468895823
-4.829354164479568
-4.114320291658651
-4.771052926546356
-3.9681674187210065
-3.945799103464874
-3.5591069343770307
-2.974445941604624
-3.1996135880678844
-3.920041420643142
-4.515675634350053
-4.892653692725025
-4.997846368696866
-4.072915718631827
-3.0935158199918122
-16.0
-15.23660075692078
-14.404613650269255
-14.237008302575347
-14.5087205315395
-14.080570225276109
-13.80780122082099
-13.595305915540683
-13.720328168332166
-11.83299506127469
-10.655209561575433
-9.765565441928306
-10.339812805092446
-9.333577813349244
-8.21309070944017
-7.916452065080925
-7.640525382704997
-7.281283925002785
-7.012490959021814
-6.755595361440875
-6.758712766624777
-7.25719126078815
-6.6700878542624595
-6.4779809844836915
-6.466863825607743
-6.409015375918916
-6.1979495878601485
-5.992725532966467
-5.93386936949565
-5.883105567814407
-5.847460184341101
-5.715771855653524
-5.5666687414194325
-5.248169166991542
-4.864944311690282
-4.733299478836702
-4.460051456543268
-4.460841378982532
-4.104642108551668
-5.005908057399403
-5.307958531345638
-4.875985086590116
-4.061740959611797
-3.7930903139741075
-2.6627454824003323
-2.3312225850666266
-2.1066602577057267
-2.857619273494409
-2.4863406040705875
-0.99927635997844
-16.0
-15.013056719732688
-13.571262763225446
-13.01229726113359
-13.332533632573917
-13.741119477573758
-13.02271605374728
-13.206384737185317
-12.067654992928384
-13.044176475487681
-12.007695996640791
-11.334875842752599
-9.551225891903478
-9.023304512524282
-8.809247112536225
-7.588345189937536
-7.004417202505391
-6.389431862889528
-6.144164159713119
-6.028499525443701
-6.042969333379484
-6.000015668717236
-5.921667115026617
-5.85193688883413
-6.007872790004193
-5.980692402538117
-5.959493416363837
-5.932122154220776
-5.877660159561252
-5.787807768559289
-5.72890173534044
-5.72890173534044
-5.6825401874788195
-5.45901572776735
-5.523021262688633
-5.41547409101902
-5.1007259824961855
-4.60046830422172
-3.8840061217138926
-3.4228554104813114
-3.6648670687201
-3.2268777834598295
-3.4159996092890985
-3.3989956673265
-2.856954080158448
-1.6515848608224566
-0.4816381077340983
-0.5430236200266041
-1.70042138717902
-2.5964269534231725
-16.0
-14.502228604212563
-13.956993527384292
-13.965294375825879
-13.687294377069296
-12.70259170295398
-12.982084156372661
-11.930381501892192
-10.393449350307218
-8.998821663199504
-8.434690609958881
-7.5044634726681645
-7.004592947027158
-6.143676864254495
-6.114496386814358
-6.103492531395578
-6.033298621790863
-6.055588853208734
-6.0127568461718
-5.987908002567584
-6.000610602969973
-5.983547293827767
-5.972651427423919
-5.994881251846
-5.978909479151466
-5.93666920751564
-5.986177168761437
-5.974252399521557
-5.984532409109331
-5.951155847535797
-5.955904885888281
-5.912664394523518
-5.872646661311644
-5.826785062963225
-5.8230477192942445
-5.793250583854729
-5.634340378729481
-5.396369738906799
-5.074349016532929
-4.886134792663273
-4.895444131092751
-4.584668219146474
-3.666613951787186
-3.2810271873500554
-3.7162510901871766
-4.008579761977396
-4.991648945215168
-4.654751017351747
-4.988808670346486
-4.643437415050421
-16.0
-14.66646287688707
-14.223492179057558
-14.053502906254018
-13.636220083668661
-13.05157919619133
-12.383074825660366
-12.521006343645652
-12.330690663379823
-12.51211434765235
-12.806812456063597
-11.277389604430759
-9.629851498679173
-9.203396632238118
-8.688391369003392
-7.580223834677632
-7.57325202239206
-7.441267058856919
-6.716267506290316
-6.460938036022693
-6.462919531404362
-6.252885121005909
-6.2826198897930094
-6.28653797190835
-6.002534384974062
-5.9838191792288615
-5.972250458664148
-5.949964898399914
-5.971410191812233
-5.946892793641103
-5.955360145707591
-5.9263428192835
-5.88941073991164
-5.847845711509902
-5.741941732316182
-5.762289414806236
-5.66910545847351
-5.630504214296554
-5.58950568799088
-5.4078696330597
-5.067948284611997
-4.443531171946979
-4.454789627228812
-3.546114927224065
-4.123814331297589
-3.4324965770359057
-3.561679887987167
-2.785374396598998
-3.727044546793154
-3.400513619548792
-16.0
-15.224064894565698
-15.101762610479453
-14.93671112208127
-13.412156114853575
-12.496127526863322
-11.830734802700961
-10.505025414204349
-10.155932006835053
-9.186652262352128
-8.146377999407898
-8.473553815162283
-8.096801321978713
-8.454740810859523
-8.134538431461174
-7.785376778391442
-7.3616436189225265
-6.606608357865064
-6.280514602497833
-6.097510043736037
-6.050830186548838
-6.041234071479321
-5.973709905255305
-5.936440469073651
-5.936440469073651
-5.900921617014776
-5.865051771491759
-5.792223343090541
-5.7495279353213435
-5.565781825865174
-5.364397114769548
-5.10298254024091
-4.895994778622093
-4.812536189153777
-4.461305149228708
-3.9443766044620086
-4.219930003072631
-3.9464259111070614
-3.523047825336964
-3.0813645679384534
-2.5331273614998278
-2.9764460673364947
-3.721358123146679
-3.8827974966933594
-3.2694419752723185
-3.12910597190022
-2.105421461528218
-2.385348736455553
-2.215932708298398
-2.939810279864684
-16.0
-16.0
-14.547279237971964
-13.909916840514793
-13.268173195001953
-12.310745923101447
-11.874817345962503
-10.318768666815764
-9.278333265168332
-8.239930237086627
-8.35073230549198
-8.181201122719541
-7.7035244030464645
-7.250965936599654
-6.862195076862891
-6.772538609116726
-6.242842173356266
-6.3556391397496
-6.340744235752677
-6.398614552744612
-6.187302817073554
-6.002283534218731
-5.96642326699867
-5.824231068096616
-5.823634821934467
-5.6677855328104565
-5.48835530548266
-5.299809500291177
-5.291572266679784
-4.68969447250169
-4.362870527714731
-3.523748913161545
-3.0912423762651287
-3.417450447265294
-3.087282099671768
-3.4324516698014396
-3.7525425755904056
-4.3572679291795104
-4.559811378530865
-4.192712009244521
-4.098087375099517
-3.822373189184268
-3.5471343828495696
-2.861409768770449
-2.283699593963184
-1.60817527434296
-1.7809590289684376
-2.1897450366553173
-2.2620324249614434
-3.2691013448476784
-16.0
-14.90477106922813
-14.063088487043732
-13.630133798029865
-14.358773512132213
-12.828275057282221
-12.142326931265309
-10.635293899251925
-9.371029261425893
-8.735925167267265
-8.731257840865766
-7.9310250982233805
-7.5255544955779365
-6.801629943986674
-6.714848953958206
-6.743122728203375
-6.451509303012361
-6.433659216563776
-6.356046037218343
-6.369775005794949
-6.083945084304603
-6.068204030974285
-5.9943023518611955
-5.945923003731848
-5.9734095240699965
-5.952620009729954
-5.8859224055772685
-5.841510434144095
-5.969163454298117
-5.951794031765662
-5.9447287634194765
-5.969936215799602
-5.994895108031897
-5.99700800483132
-5.987059478210531
-5.966895426986977
-5.961751998152096
-5.928699828125592
-5.8905450477902574
-5.9179867947123865
-5.884502481025567
-5.802444926853414
-5.935936835421965
-5.910935983639094
-5.886800612707909
-5.860772304046961
-5.786259911863301
-5.6383595957698756
-5.203022441486937
-5.708684660405116
-16.0
-14.520028983563204
-15.034057359326813
-14.045479736988453
-12.806457878778033
-12.408499324817821
-11.211881285680533
-9.844476662633904
-9.289903788607457
-9.328230098037052
-7.66003049234144
-6.947432372308818
-6.5656805778426905
-6.350599711972144
-6.128547481271398
-6.1114604652894435
-6.045148669349965
-6.03949513806959
-6.023452733004892
-6.008321452987086
-6.012154292554192
-5.967092720348564
-5.935400275299857
-5.861503345157627
-5.764026281782655
-5.65124615285147
-5.491277702818083
-5.319182250473675
-5.786526742875895
-5.696950756428553
-5.4372775783441325
-5.221310335191182
-5.186943601032355
-4.613561027423779
-5.242599764325225
-4.581108579790331
-4.120286698298127
-3.9578453272747343
-3.9980243210942126
-3.039015074597506
-3.348684611481363
-3.8039322558116027
-3.7792413778592984
-4.366613208193126
-4.341723479489739
-4.251704481756626
-4.572866694264124
-4.928212654460403
-4.978867201428701
-4.978867201428701
