Reward
-1207229.8654199173
-1206554.0756369163
-1205923.5451781994
-1205307.1102326969
-1184718.1379325604
-1204114.081482973
-1123538.71057154
-1023068.8168758004
-922670.0691321684
-882369.6765227932
-1207235.4942213667
-1206549.9130548136
-1205840.4205365244
-1205269.5859194112
-1184661.4518707115
-1164047.8757302298
-1103467.0686339242
-1022961.5537563988
-902561.7290063285
-862189.333333177
-1207236.399344392
-1206532.337785948
-1205897.8754845546
-1205304.1956727535
-1144696.239950217
-1144091.8429829176
-1103583.6209301592
-1043124.7526447125
-902669.1865322209
-802245.7258064343
-1207241.4908578256
-1206527.614314926
-1205810.9716411617
-1205244.6680027505
-1204632.2533691132
-1184108.5196882251
-1043552.8186638575
-923112.7925384339
-902681.3870740822
-802241.8230712526
-1207218.3407743077
-1206595.610658605
-1205989.5637124374
-1205317.1209986315
-1204730.259784515
-1164156.8993825717
-1163611.4212029742
-1083032.820093602
-962506.183768501
-802137.8058305572
-1207220.6660553096
-1206589.225723579
-1205972.6206791583
-1205320.2946598649
-1204701.8072641678
-1184129.9367882677
-1123560.5149967864
-1103001.7198847667
-922502.0674136935
-802082.9697513062
-1207240.737706969
-1206514.855913029
-1205873.9636583047
-1205313.3799513779
-1204730.5643887785
-1164139.6270206834
-1123590.102144376
-1023125.2374066616
-942653.6341218359
-882290.2038078624
-1207235.4437039224
-1206543.3434924367
-1205871.4746006806
-1205249.5007450783
-1184613.3758138332
-1124049.438740421
-1103580.8009008027
-963042.8859010504
-882733.6509972399
-762365.5934955027
-1207230.152613176
-1206559.4314353475
-1205915.9477605384
-1205245.8685154857
-1204687.4489768944
-1184094.2904896592
-1083581.5464169155
-983171.9493458659
-882688.0747584156
-802330.0072370014
-1207234.331883562
-1206538.3377044313
-1205916.6213189834
-1205306.2034423202
-1184684.802775377
-1144087.1357957115
-1023542.125274363
-983148.6389371345
-862679.4746427275
-822329.9695271936
-1207229.7158133285
-1206559.7477324207
-1205926.0931435144
-1205262.190267988
-1184672.7392602263
-1124109.4649318657
-1083675.2899902614
-963165.7050337191
-962709.0378481374
-862275.8211749175
-1207219.9898612106
-1206604.7576416468
-1205912.2251991364
-1205285.0182748653
-1184652.6976863355
-1164089.287577266
-1063604.7657051308
-943126.8946343384
-882695.766746603
-842229.2931823989
-1207235.7789692883
-1206544.6545396044
-1205871.0899271686
-1205208.7761796857
-1204582.7943400752
-1183998.846046912
-1103477.2851309841
-1063036.9375710988
-902583.1743427414
-742140.2901476143
-1207223.9489250225
-1206584.1709366
-1205924.35017732
-1205273.8869289423
-1184687.6166910557
-1164103.073081841
-1063591.0967315212
-923082.7183156401
-922666.4382708417
-842211.5041496449
-1207237.3322764423
-1206531.9207715061
-1205893.6496158107
-1205263.4980810976
-1204715.53853125
-1184131.9735227642
-1083564.729132411
-983071.4403021658
-902685.5769724252
-802348.6035786195
-1207231.3986098552
-1206561.7139629088
-1205879.6755971874
-1205294.0778988327
-1144699.646332548
-1124163.7780753558
-1043581.9949646371
-963072.567334039
-902633.6439528213
-782202.5885644123
-1207235.1947548056
-1206539.2668827476
-1205898.7666301893
-1205231.1390111549
-1204641.0495288332
-1164041.01952743
-1083482.5148806078
-943024.6294840188
-862622.990955828
-782213.2375132702
-1207231.5513773533
-1206537.012312928
-1205977.381578265
-1205318.8238861493
-1184699.490513376
-1164111.542492514
-1083560.6413972934
-1043125.5457648691
-942650.1723037495
-842216.3815875826
-1207238.0839114839
-1206536.335467147
-1205837.0268078968
-1205257.7604902142
-1204625.9851719032
-1144082.2474037404
-1103559.7389304307
-1003039.7127021215
-882524.4088781122
-802062.5335702919
-1207235.9664666748
-1206535.747677131
-1205897.1136508097
-1205247.96730391
-1164649.3192397107
-1144074.3507915577
-1043550.8021874834
-983042.7621937126
-922556.518712636
-862150.8412944389
-1207227.1448880876
-1206574.8154079544
-1205890.6257348005
-1205287.4401049316
-1204683.9504387667
-1144133.3304284276
-1063638.6271798837
-1023083.8042174769
-902673.2213646169
-782314.6840961403
-1207239.2457842652
-1206528.5930764065
-1205878.8800881687
-1205192.9391706504
-1204566.1053265748
-1164014.3226594888
-1083494.9843613277
-962987.9095971554
-842626.1089763462
-762158.3117545348
-1207237.0018227315
-1206538.2339166964
-1205878.2243398458
-1205227.467946311
-1204646.0378158346
-1184076.5162574826
-1083480.917701733
-1022991.1844696482
-902499.1542949774
-762131.9555433375
-1207238.3593636744
-1206524.8432204984
-1205895.8593143525
-1205228.293140678
-1184625.0192844807
-1164006.0388984126
-1063449.4070300544
-1002893.1984829315
-922446.3050471155
-862164.7901354422
-1207235.5530701228
-1206538.3523179465
-1205888.7949375447
-1205212.5279774028
-1204590.3701018132
-1204043.806241363
-1123504.0480211899
-1063044.5287894574
-982516.6284080482
-902209.7117776411
-1207241.4153103423
-1206515.5414427968
-1205865.1078773802
-1205246.4882413556
-1184642.1146307134
-1144071.2394989477
-1123467.7587457947
-1003017.0080457965
-902585.3449306174
-742195.3173905881
-1207237.5415463196
-1206543.8011948129
-1205818.8070325789
-1205247.8023858417
-1184667.5123843395
-1164131.9695105082
-1143506.4605223325
-1043020.7370149242
-942585.0361299755
-802123.6578554042
-1207242.597479051
-1206506.5822699731
-1205870.1688722959
-1205263.9056829603
-1204620.5565374051
-1164072.315857653
-1083500.02363775
-1022982.478565079
-822471.3953384926
-702097.0076026311
-1207242.7546311468
-1206510.3157766026
-1205874.753464726
-1205219.4901555136
-1204651.6753419295
-1144086.4302454551
-1083534.685544562
-1023115.1348113285
-922692.3699849803
-762215.0817263755
-1207233.2461542902
-1206553.3276930489
-1205874.233685992
-1205226.2741361747
-1204596.4086340233
-1104076.448790482
-1063510.6641687464
-1043107.1474431079
-922658.9891921903
-822170.9995171438
-1207238.4215658242
-1206530.0847368252
-1205861.8560061136
-1205268.335135294
-1184678.8907984174
-1144119.7504313714
-1083547.5488843084
-983065.6684882622
-902536.4531338728
-822083.1575319609
-1207230.1103132656
-1206561.4367505035
-1205892.6634574346
-1205256.1635653197
-1204677.3727715127
-1184088.0225810031
-1103505.136258915
-942949.7294730528
-842588.8923771118
-842122.8343757228
-1207244.3959590888
-1206512.965448693
-1205822.999628938
-1205234.9103619151
-1184639.9625683485
-1124031.9127737465
-1063455.926595958
-982957.500459555
-962636.5605971083
-822305.1288976605
-1207233.7077565403
-1206548.2896471468
-1205883.7013336322
-1205232.063391496
-1204622.7390575786
-1184020.3222503397
-1103512.6347946082
-1023038.0426104756
-942591.9027081991
-782210.0665238487
-1207238.056354752
-1206536.7060479845
-1205845.6083613515
-1205245.958356937
-1184641.481209935
-1183993.5939199647
-1123475.0979098973
-982977.6536036208
-902655.0744745323
-882250.0110649038
-1207238.5939571543
-1206535.5155449654
-1205847.7547500425
-1205246.1551671517
-1204633.804777027
-1164026.4178215268
-1103518.2961094638
-962975.26878962
-862509.2042111581
-722094.697781832
-1207236.271695166
-1206537.6378332055
-1205887.4931204189
-1205205.654873316
-1204619.6765561013
-1164024.5380798678
-1103476.677277663
-1022966.7651099671
-902664.423164871
-842220.7200845506
-1207236.478708528
-1206530.1071652668
-1205915.7407981432
-1205259.4889527056
-1164668.92558865
-1144140.1726464035
-1143642.2196740834
-983122.8143379238
-882697.6822187117
-762309.7381519814
-1207234.8522819025
-1206541.7349632022
-1205873.3237704367
-1205277.4293994764
-1204660.9294185145
-1184049.8005005673
-1123587.1498971889
-1023057.421162176
-942674.231805998
-802265.1722839293
-1207237.086337695
-1206533.876140443
-1205905.5966412555
-1205252.2804506056
-1164641.3618767168
-1164104.846694216
-1043520.4239257297
-1003146.1766451597
-882730.4700346595
-882300.5482345606
-1207237.1689764697
-1206536.0863011023
-1205876.57710697
-1205219.2044419784
-1204608.7177879757
-1203992.7527269325
-1123448.8350884875
-982959.1350118734
-902488.7934408322
-741989.0081948991
-1207242.8448952925
-1206520.3333067526
-1205830.9509424674
-1205230.405378301
-1184609.6301079155
-1104104.288766409
-1063615.1450406746
-983081.6365792307
-842668.313853811
-742341.7040067071
-1207241.3301178638
-1206526.1776865344
-1205845.1592604176
-1205199.1597406303
-1184597.4766400256
-1103965.3356122808
-1063536.592084271
-983073.6036067434
-882654.1026782825
-722264.699013213
-1207234.720375852
-1206545.893208653
-1205876.1009713765
-1205244.3220146345
-1164637.9341843787
-1164095.4638055167
-1043564.7797737124
-1003021.2847897074
-882643.4067816157
-822267.80979339
-1207238.4361647575
-1206537.7479395943
-1205841.5257476347
-1205176.1736356053
-1204560.9378374594
-1183989.2857122503
-1143424.8925698868
-1082936.9474066375
-862381.834658246
-822066.6225889791
-1207237.398537734
-1206534.9635438132
-1205846.4395943717
-1205244.728772275
-1204611.77741439
-1164023.1793870009
-1143507.6798665056
-1103036.9560608682
-882579.376442976
-762262.6986578717
-1207226.0795479924
-1206567.9242730618
-1205940.059652838
-1205325.7438778325
-1184714.5644166446
-1184126.4038754704
-1123583.1407977203
-1023016.5104511495
-842520.7607178251
-762203.2773910715
-1207244.5327996463
-1206519.2973379171
-1205814.661476822
-1205107.7467237972
-1204606.124118147
-1124022.015282957
-1103472.1988578257
-982953.0475118861
-922529.0379794411
-782174.3083821137
-1207243.2381004477
-1206523.1905866046
-1205818.2983610965
-1205141.052879739
-1184631.526020218
-1124075.8677809988
-1003593.8128884628
-943102.6097200876
-862589.8519730418
-782258.6074996617
-1207245.8329102546
-1206504.301929802
-1205862.036294951
-1205207.8871449765
-1204586.8503024383
-1164006.993052062
-1063531.6418166328
-983102.7014777346
-902622.7170765287
-882311.054751998
