-1,-665953.06
0,-665952.94
1,-665952.94
2,-665952.88
3,-665952.88
4,-665952.88
5,-665952.81
6,-665952.75
7,-665952.75
8,-665952.75
9,-665952.75
10,-665952.69
11,-665952.62
12,-665952.62
13,-665952.56
14,-665952.56
15,-665952.5
16,-665952.5
17,-665952.38
18,-665952.38
19,-665952.38
20,-665952.31
21,-665952.25
22,-665952.25
23,-665952.25
24,-665952.19
25,-665952.19
26,-665952.12
27,-665952.12
28,-665952.06
29,-665952.0
30,-665952.0
31,-665951.94
32,-665951.94
33,-665951.94
34,-665951.81
35,-665951.81
36,-665951.81
37,-665951.75
38,-665951.75
39,-665951.69
40,-665951.69
41,-665951.69
42,-665951.62
43,-665951.62
44,-665951.56
45,-665951.5
46,-665951.5
47,-665951.44
48,-665951.44
49,-665951.38
50,-665951.38
51,-665951.25
52,-665951.25
53,-665951.25
54,-665951.25
55,-665951.19
56,-665951.12
57,-665951.06
58,-665951.06
59,-665951.06
60,-665951.06
61,-665951.0
62,-665950.94
63,-665950.94
64,-665950.88
65,-665950.88
66,-665950.81
67,-665950.81
68,-665950.75
69,-665950.75
70,-665950.75
71,-665950.69
72,-665950.62
73,-665950.62
74,-665950.56
75,-665950.56
76,-665950.5
77,-665950.5
78,-665950.5
79,-665950.38
80,-665950.31
81,-665950.31
82,-665950.25
83,-665950.25
84,-665950.25
85,-665950.25
86,-665950.19
87,-665950.12
88,-665950.12
89,-665950.06
90,-665950.0
91,-665950.0
92,-665950.0
93,-665949.94
94,-665949.94
95,-665949.94
96,-665949.81
97,-665949.75
98,-665949.75
99,-665949.75
100,-665949.69
101,-665949.69
102,-665949.69
103,-665949.62
104,-665949.62
105,-665949.56
106,-665949.56
107,-665949.5
108,-665949.44
109,-665949.38
110,-665949.38
111,-665949.38
112,-665949.25
113,-665949.25
114,-665949.25
115,-665949.19
116,-665949.19
117,-665949.12
118,-665949.06
119,-665949.06
120,-665949.06
121,-665949.06
122,-665949.0
123,-665948.94
124,-665948.94
125,-665948.94
126,-665948.88
127,-665948.88
128,-665948.81
129,-665948.75
130,-665948.75
131,-665948.75
132,-665948.62
133,-665948.62
134,-665948.62
135,-665948.56
136,-665948.56
137,-665948.5
138,-665948.5
139,-665948.44
140,-665948.38
141,-665948.38
142,-665948.31
143,-665948.25
144,-665948.25
145,-665948.25
146,-665948.19
147,-665948.19
148,-665948.12
149,-665948.06
150,-665948.06
151,-665948.0
152,-665948.0
153,-665948.0
154,-665947.94
155,-665947.94
156,-665947.94
157,-665947.81
158,-665947.75
159,-665947.75
160,-665947.75
161,-665947.69
162,-665947.69
163,-665947.69
164,-665947.69
165,-665947.62
166,-665947.62
167,-665947.56
168,-665947.5
169,-665947.44
170,-665947.44
171,-665947.38
172,-665947.38
173,-665947.25
174,-665947.25
175,-665947.25
176,-665947.19
177,-665947.19
178,-665947.19
179,-665947.12
180,-665947.06
181,-665947.06
182,-665947.06
183,-665947.0
184,-665946.94
185,-665946.94
186,-665946.94
187,-665946.88
188,-665946.88
189,-665946.81
190,-665946.81
191,-665946.81
192,-665946.75
193,-665946.75
194,-665946.62
195,-665946.62
196,-665946.62
197,-665946.56
198,-665946.5
199,-665946.5
200,-665946.5
201,-665946.38
202,-665946.38
203,-665946.31
204,-665946.25
205,-665946.25
206,-665946.25
207,-665946.19
208,-665946.19
209,-665946.12
210,-665946.06
211,-665946.06
212,-665946.0
213,-665946.0
214,-665946.0
215,-665945.94
216,-665945.94
217,-665945.88
218,-665945.81
219,-665945.81
220,-665945.81
221,-665945.75
222,-665945.75
223,-665945.69
224,-665945.69
225,-665945.69
226,-665945.62
227,-665945.62
228,-665945.56
229,-665945.5
230,-665945.44
231,-665945.44
232,-665945.38
233,-665945.38
234,-665945.38
235,-665945.25
236,-665945.25
237,-665945.19
238,-665945.19
239,-665945.19
240,-665945.12
241,-665945.06
242,-665945.06
243,-665945.06
244,-665945.06
245,-665945.0
246,-665944.94
247,-665944.94
248,-665944.88
249,-665944.88
250,-665944.81
251,-665944.81
252,-665944.75
253,-665944.75
254,-665944.75
255,-665944.62
256,-665944.62
257,-665944.56
258,-665944.56
259,-665944.5
260,-665944.5
261,-665944.38
262,-665944.38
263,-665944.31
264,-665944.31
265,-665944.25
266,-665944.25
267,-665944.19
268,-665944.19
269,-665944.19
270,-665944.12
271,-665944.06
272,-665944.0
273,-665944.0
274,-665944.0
275,-665943.94
276,-665943.94
277,-665943.88
278,-665943.81
279,-665943.81
280,-665943.75
281,-665943.75
282,-665943.69
283,-665943.69
284,-665943.69
285,-665943.69
286,-665943.62
287,-665943.56
288,-665943.5
289,-665943.5
290,-665943.44
291,-665943.38
292,-665943.31
293,-665943.25
294,-665943.25
295,-665943.25
296,-665943.19
297,-665943.19
298,-665943.12
299,-665943.06
300,-665943.06
301,-665943.06
302,-665943.06
303,-665942.94
304,-665942.94
305,-665942.88
306,-665942.88
307,-665942.81
308,-665942.81
309,-665942.81
310,-665942.75
311,-665942.75
312,-665942.75
313,-665942.62
314,-665942.62
315,-665942.56
316,-665942.56
317,-665942.5
318,-665942.5
319,-665942.38
320,-665942.31
321,-665942.31
322,-665942.25
323,-665942.25
324,-665942.19
325,-665942.19
326,-665942.19
327,-665942.12
328,-665942.06
329,-665942.0
330,-665942.0
331,-665942.0
332,-665941.94
333,-665941.94
334,-665941.94
335,-665941.81
336,-665941.81
337,-665941.75
338,-665941.75
339,-665941.75
340,-665941.69
341,-665941.69
342,-665941.62
343,-665941.62
344,-665941.56
345,-665941.5
346,-665941.44
347,-665941.44
348,-665941.38
349,-665941.38
350,-665941.25
351,-665941.25
352,-665941.25
353,-665941.19
354,-665941.19
355,-665941.12
356,-665941.06
357,-665941.06
358,-665941.06
359,-665941.06
360,-665940.94
361,-665940.94
362,-665940.94
363,-665940.88
364,-665940.81
365,-665940.81
366,-665940.81
367,-665940.75
368,-665940.75
369,-665940.69
370,-665940.62
371,-665940.62
372,-665940.62
373,-665940.56
374,-665940.5
375,-665940.44
376,-665940.38
377,-665940.31
378,-665940.31
379,-665940.25
380,-665940.25
381,-665940.19
382,-665940.19
383,-665940.19
384,-665940.12
385,-665940.06
386,-665940.06
387,-665940.0
388,-665940.0
389,-665939.94
390,-665939.94
391,-665939.94
392,-665939.81
393,-665939.81
394,-665939.75
395,-665939.75
396,-665939.75
397,-665939.69
398,-665939.69
399,-665939.62
400,-665939.62
401,-665939.5
402,-665939.5
403,-665939.5
404,-665939.44
405,-665939.38
406,-665939.38
407,-665939.25
408,-665939.25
409,-665939.19
410,-665939.19
411,-665939.19
412,-665939.12
413,-665939.12
414,-665939.06
415,-665939.06
416,-665939.06
417,-665938.94
418,-665938.94
419,-665938.94
420,-665938.88
421,-665938.88
422,-665938.81
423,-665938.75
424,-665938.75
425,-665938.75
426,-665938.69
427,-665938.62
428,-665938.62
429,-665938.56
430,-665938.5
431,-665938.5
432,-665938.5
433,-665938.38
434,-665938.38
435,-665938.31
436,-665938.25
437,-665938.25
438,-665938.25
439,-665938.19
440,-665938.19
441,-665938.12
442,-665938.06
443,-665938.06
444,-665938.0
445,-665938.0
446,-665937.94
447,-665937.94
448,-665937.94
449,-665937.88
450,-665937.81
451,-665937.81
452,-665937.75
453,-665937.75
454,-665937.75
455,-665937.69
456,-665937.62
457,-665937.62
458,-665937.56
459,-665937.5
460,-665937.5
461,-665937.44
462,-665937.38
463,-665937.38
464,-665937.31
465,-665937.25
466,-665937.19
467,-665937.19
468,-665937.19
469,-665937.12
470,-665937.12
471,-665937.06
472,-665937.06
473,-665937.06
474,-665937.06
475,-665936.94
476,-665936.94
477,-665936.88
478,-665936.88
479,-665936.81
480,-665936.81
481,-665936.81
482,-665936.75
483,-665936.69
484,-665936.69
485,-665936.62
486,-665936.56
487,-665936.5
488,-665936.5
489,-665936.44
490,-665936.38
491,-665936.38
492,-665936.31
493,-665936.25
494,-665936.25
495,-665936.25
496,-665936.19
497,-665936.19
498,-665936.12
499,-665936.12
500,-665936.06
501,-665936.0
502,-665936.0
503,-665936.0
504,-665935.94
505,-665935.94
506,-665935.88
507,-665935.81
508,-665935.81
509,-665935.75
510,-665935.75
511,-665935.75
512,-665935.69
513,-665935.62
514,-665935.62
515,-665935.56
516,-665935.5
517,-665935.5
518,-665935.44
519,-665935.38
520,-665935.38
521,-665935.31
522,-665935.25
523,-665935.19
524,-665935.19
525,-665935.19
526,-665935.12
527,-665935.12
528,-665935.06
529,-665935.06
530,-665935.06
531,-665935.06
532,-665934.94
533,-665934.94
534,-665934.94
535,-665934.88
536,-665934.81
537,-665934.81
538,-665934.75
539,-665934.75
540,-665934.69
541,-665934.62
542,-665934.62
543,-665934.56
544,-665934.5
545,-665934.5
546,-665934.5
547,-665934.38
548,-665934.38
549,-665934.31
550,-665934.31
551,-665934.25
552,-665934.25
553,-665934.19
554,-665934.19
555,-665934.12
556,-665934.06
557,-665934.06
558,-665934.06
559,-665934.0
560,-665934.0
561,-665933.94
562,-665933.94
563,-665933.94
564,-665933.81
565,-665933.81
566,-665933.81
567,-665933.75
568,-665933.75
569,-665933.69
570,-665933.69
571,-665933.62
572,-665933.56
573,-665933.44
574,-665933.38
575,-665933.25
576,-665933.19
577,-665933.19
578,-665933.12
579,-665933.06
580,-665933.06
581,-665932.94
582,-665932.94
583,-665932.88
584,-665932.81
585,-665932.75
586,-665932.62
587,-665932.62
588,-665932.5
589,-665932.5
590,-665932.31
591,-665932.25
592,-665932.25
593,-665932.19
594,-665932.12
595,-665932.06
596,-665932.0
597,-665931.94
598,-665931.94
599,-665931.81
600,-665931.75
601,-665931.75
602,-665931.62
603,-665931.62
604,-665931.5
605,-665931.44
606,-665931.38
607,-665931.25
608,-665931.19
609,-665931.19
610,-665931.12
611,-665931.06
612,-665931.0
613,-665930.94
614,-665930.88
615,-665930.81
616,-665930.75
617,-665930.75
618,-665930.62
619,-665930.56
620,-665930.5
621,-665930.44
622,-665930.31
623,-665930.25
624,-665930.25
625,-665930.19
626,-665930.06
627,-665930.06
628,-665930.0
629,-665929.94
630,-665929.94
631,-665929.81
632,-665929.75
633,-665929.75
634,-665929.62
635,-665929.62
636,-665929.5
637,-665929.44
638,-665929.38
639,-665929.25
640,-665929.19
641,-665929.12
642,-665929.06
643,-665929.06
644,-665928.94
645,-665928.94
646,-665928.88
647,-665928.81
648,-665928.75
649,-665928.75
650,-665928.62
651,-665928.56
652,-665928.5
653,-665928.38
654,-665928.31
655,-665928.25
656,-665928.19
657,-665928.12
658,-665928.06
659,-665928.06
660,-665928.0
661,-665927.94
662,-665927.94
663,-665927.75
664,-665927.75
665,-665927.69
666,-665927.62
667,-665927.5
668,-665927.44
669,-665927.38
670,-665927.25
671,-665927.19
672,-665927.19
673,-665927.12
674,-665927.06
675,-665927.06
676,-665926.94
677,-665926.88
678,-665926.88
679,-665926.81
680,-665926.75
681,-665926.69
682,-665926.62
683,-665926.5
684,-665926.38
685,-665926.38
686,-665926.31
687,-665926.25
688,-665926.19
689,-665926.12
690,-665926.06
691,-665926.06
692,-665925.94
693,-665925.94
694,-665925.81
695,-665925.75
696,-665925.69
697,-665925.69
698,-665925.62
699,-665925.5
700,-665925.44
701,-665925.38
702,-665925.25
703,-665925.19
704,-665925.12
705,-665925.06
706,-665925.06
707,-665925.06
708,-665924.94
709,-665924.88
710,-665924.81
711,-665924.81
712,-665924.75
713,-665924.62
714,-665924.56
715,-665924.5
716,-665924.38
717,-665924.31
718,-665924.25
719,-665924.19
720,-665924.19
721,-665924.06
722,-665924.06
723,-665924.0
724,-665923.94
725,-665923.94
726,-665923.81
727,-665923.75
728,-665923.69
729,-665923.62
730,-665923.62
731,-665923.5
732,-665923.44
733,-665923.38
734,-665923.25
735,-665923.19
736,-665923.12
737,-665923.06
738,-665923.06
739,-665923.0
740,-665922.94
741,-665922.88
742,-665922.81
743,-665922.75
744,-665922.69
745,-665922.62
746,-665922.56
747,-665922.5
748,-665922.38
749,-665922.31
750,-665922.25
751,-665922.19
752,-665922.19
753,-665922.06
754,-665922.0
755,-665922.0
756,-665921.94
757,-665921.94
758,-665921.81
759,-665921.75
760,-665921.69
761,-665921.62
762,-665921.5
763,-665921.44
764,-665921.38
765,-665921.31
766,-665921.25
767,-665921.19
768,-665921.12
769,-665921.06
770,-665921.06
771,-665920.94
772,-665920.94
773,-665920.88
774,-665920.81
775,-665920.75
776,-665920.69
777,-665920.62
778,-665920.56
779,-665920.5
780,-665920.38
781,-665920.31
782,-665920.19
783,-665920.19
784,-665920.06
785,-665920.06
786,-665920.06
787,-665919.94
788,-665919.94
789,-665919.88
790,-665919.75
791,-665919.75
792,-665919.69
793,-665919.62
794,-665919.5
795,-665919.44
796,-665919.38
797,-665919.31
798,-665919.19
799,-665919.19
800,-665919.12
801,-665919.06
802,-665919.06
803,-665918.94
804,-665918.88
805,-665918.81
806,-665918.81
807,-665918.75
808,-665918.69
809,-665918.62
810,-665918.56
811,-665918.5
812,-665918.38
813,-665918.25
814,-665918.19
815,-665918.19
816,-665918.06
817,-665918.06
818,-665918.0
819,-665917.94
820,-665917.94
821,-665917.81
822,-665917.75
823,-665917.69
824,-665917.69
825,-665917.5
826,-665917.5
827,-665917.44
828,-665917.38
829,-665917.25
830,-665917.19
831,-665917.12
832,-665917.06
833,-665917.06
834,-665917.0
835,-665916.94
836,-665916.88
837,-665916.81
838,-665916.75
839,-665916.75
840,-665916.62
841,-665916.56
842,-665916.5
843,-665916.38
844,-665916.31
845,-665916.25
846,-665916.19
847,-665916.19
848,-665916.06
849,-665916.06
850,-665916.0
851,-665915.94
852,-665915.94
853,-665915.81
854,-665915.75
855,-665915.69
856,-665915.69
857,-665915.5
858,-665915.44
859,-665915.38
860,-665915.31
861,-665915.25
862,-665915.19
863,-665915.12
864,-665915.06
865,-665915.06
866,-665914.94
867,-665914.94
868,-665914.88
869,-665914.81
870,-665914.75
871,-665914.75
872,-665914.62
873,-665914.5
874,-665914.5
875,-665914.38
876,-665914.31
877,-665914.25
878,-665914.19
879,-665914.19
880,-665914.06
881,-665914.0
882,-665914.0
883,-665913.94
884,-665913.81
885,-665913.75
886,-665913.69
887,-665913.69
888,-665913.56
889,-665913.5
890,-665913.44
891,-665913.38
892,-665913.31
893,-665913.25
894,-665913.19
895,-665913.12
896,-665913.06
897,-665913.06
898,-665912.94
899,-665912.94
900,-665912.88
901,-665912.81
902,-665912.75
903,-665912.69
904,-665912.56
905,-665912.5
906,-665912.44
907,-665912.38
908,-665912.31
909,-665912.19
910,-665912.19
911,-665912.12
912,-665912.06
913,-665912.06
914,-665911.94
915,-665911.94
916,-665911.81
917,-665911.75
918,-665911.69
919,-665911.62
920,-665911.62
921,-665911.5
922,-665911.44
923,-665911.38
924,-665911.25
925,-665911.19
926,-665911.12
927,-665911.06
928,-665911.06
929,-665911.06
930,-665910.94
931,-665910.88
932,-665910.81
933,-665910.75
934,-665910.75
935,-665910.62
936,-665910.56
937,-665910.5
938,-665910.38
939,-665910.38
940,-665910.25
941,-665910.19
942,-665910.19
943,-665910.06
944,-665910.06
945,-665909.94
946,-665909.94
947,-665909.88
948,-665909.81
949,-665909.75
950,-665909.69
951,-665909.62
952,-665909.5
953,-665909.44
954,-665909.38
955,-665909.25
956,-665909.19
957,-665909.19
958,-665909.12
959,-665909.06
960,-665909.06
961,-665908.94
962,-665908.88
963,-665908.81
964,-665908.75
965,-665908.69
966,-665908.62
967,-665908.5
968,-665908.5
969,-665908.38
970,-665908.38
971,-665908.25
972,-665908.19
973,-665908.12
974,-665908.06
975,-665908.06
976,-665907.94
977,-665907.94
978,-665907.81
979,-665907.75
980,-665907.69
981,-665907.62
982,-665907.5
983,-665907.5
984,-665907.38
985,-665907.38
986,-665907.25
987,-665907.19
988,-665907.19
989,-665907.06
990,-665907.06
991,-665906.94
992,-665906.94
993,-665906.88
994,-665906.75
995,-665906.75
996,-665906.69
997,-665906.56
998,-665906.5
999,-665906.44
1000,-665906.38
1001,-665906.31
1002,-665906.19
1003,-665906.19
1004,-665906.06
1005,-665906.06
1006,-665906.0
1007,-665905.94
1008,-665905.94
1009,-665905.81
1010,-665905.75
1011,-665905.62
1012,-665905.62
1013,-665905.5
1014,-665905.44
1015,-665905.38
1016,-665905.38
1017,-665905.25
1018,-665905.19
1019,-665905.12
1020,-665905.06
1021,-665905.06
1022,-665904.94
1023,-665904.88
1024,-665904.81
1025,-665904.75
1026,-665904.75
1027,-665904.62
1028,-665904.56
1029,-665904.5
1030,-665904.38
1031,-665904.31
1032,-665904.25
1033,-665904.19
1034,-665904.12
1035,-665904.06
1036,-665904.0
1037,-665903.94
1038,-665903.94
1039,-665903.81
1040,-665903.75
1041,-665903.69
1042,-665903.69
1043,-665903.62
1044,-665903.5
1045,-665903.38
1046,-665903.38
1047,-665903.25
1048,-665903.19
1049,-665903.19
1050,-665903.06
1051,-665903.06
1052,-665903.0
1053,-665902.94
1054,-665902.88
1055,-665902.81
1056,-665902.75
1057,-665902.62
1058,-665902.62
1059,-665902.5
1060,-665902.5
1061,-665902.38
1062,-665902.31
1063,-665902.25
1064,-665902.19
1065,-665902.19
1066,-665902.06
1067,-665902.0
1068,-665901.94
1069,-665901.81
1070,-665901.81
1071,-665901.75
1072,-665901.69
1073,-665901.62
1074,-665901.5
1075,-665901.44
1076,-665901.38
1077,-665901.38
1078,-665901.25
1079,-665901.19
1080,-665901.12
1081,-665901.06
1082,-665901.06
1083,-665900.94
1084,-665900.94
1085,-665900.81
1086,-665900.81
1087,-665900.69
1088,-665900.62
1089,-665900.56
1090,-665900.5
1091,-665900.38
1092,-665900.31
1093,-665900.31
1094,-665900.19
1095,-665900.19
1096,-665900.06
1097,-665900.06
1098,-665900.0
1099,-665899.94
1100,-665899.81
1101,-665899.75
1102,-665899.75
1103,-665899.62
1104,-665899.62
1105,-665899.5
1106,-665899.44
1107,-665899.38
1108,-665899.25
1109,-665899.25
1110,-665899.19
1111,-665899.12
1112,-665899.06
1113,-665899.0
1114,-665898.94
1115,-665898.88
1116,-665898.81
1117,-665898.75
1118,-665898.75
1119,-665898.62
1120,-665898.5
1121,-665898.5
1122,-665898.38
1123,-665898.31
1124,-665898.25
1125,-665898.19
1126,-665898.12
1127,-665898.06
1128,-665898.06
1129,-665897.94
1130,-665897.94
1131,-665897.81
1132,-665897.75
1133,-665897.69
1134,-665897.62
1135,-665897.5
1136,-665897.5
1137,-665897.38
1138,-665897.38
1139,-665897.25
1140,-665897.19
1141,-665897.19
1142,-665897.12
1143,-665897.06
1144,-665896.94
1145,-665896.94
1146,-665896.81
1147,-665896.75
1148,-665896.75
1149,-665896.62
1150,-665896.56
1151,-665896.5
1152,-665896.38
1153,-665896.38
1154,-665896.25
1155,-665896.25
1156,-665896.19
1157,-665896.06
1158,-665896.06
1159,-665896.0
1160,-665895.94
1161,-665895.81
1162,-665895.75
1163,-665895.75
1164,-665895.62
1165,-665895.62
1166,-665895.5
1167,-665895.38
1168,-665895.38
1169,-665895.25
1170,-665895.25
1171,-665895.19
1172,-665895.19
1173,-665895.06
1174,-665895.0
1175,-665894.94
1176,-665894.94
1177,-665894.88
1178,-665894.75
1179,-665894.75
1180,-665894.62
1181,-665894.5
1182,-665894.44
1183,-665894.38
1184,-665894.31
1185,-665894.25
1186,-665894.19
1187,-665894.19
1188,-665894.06
1189,-665894.06
1190,-665893.94
1191,-665893.94
1192,-665893.81
1193,-665893.75
1194,-665893.69
1195,-665893.62
1196,-665893.5
1197,-665893.5
1198,-665893.38
1199,-665893.38
1200,-665893.25
1201,-665893.25
1202,-665893.19
1203,-665893.12
1204,-665893.06
1205,-665893.0
1206,-665892.94
1207,-665892.88
1208,-665892.81
1209,-665892.75
1210,-665892.62
1211,-665892.56
1212,-665892.5
1213,-665892.38
1214,-665892.38
1215,-665892.31
1216,-665892.25
1217,-665892.19
1218,-665892.06
1219,-665892.06
1220,-665892.0
1221,-665891.94
1222,-665891.94
1223,-665891.75
1224,-665891.75
1225,-665891.69
1226,-665891.62
1227,-665891.5
1228,-665891.5
1229,-665891.38
1230,-665891.25
1231,-665891.25
1232,-665891.19
1233,-665891.19
1234,-665891.06
1235,-665891.06
1236,-665890.94
1237,-665890.94
1238,-665890.81
1239,-665890.75
1240,-665890.69
1241,-665890.62
1242,-665890.5
1243,-665890.5
1244,-665890.38
1245,-665890.38
1246,-665890.25
1247,-665890.25
1248,-665890.19
1249,-665890.06
1250,-665890.06
1251,-665889.94
1252,-665889.94
1253,-665889.81
1254,-665889.75
1255,-665889.75
1256,-665889.62
1257,-665889.62
1258,-665889.5
1259,-665889.38
1260,-665889.38
1261,-665889.25
1262,-665889.25
1263,-665889.19
1264,-665889.12
1265,-665889.0
1266,-665888.94
1267,-665888.94
1268,-665888.88
1269,-665888.81
1270,-665888.75
1271,-665888.62
1272,-665888.56
1273,-665888.5
1274,-665888.38
1275,-665888.38
1276,-665888.31
1277,-665888.25
1278,-665888.19
1279,-665888.19
1280,-665888.06
1281,-665888.0
1282,-665887.94
1283,-665887.88
1284,-665887.81
1285,-665887.75
1286,-665887.69
1287,-665887.62
1288,-665887.5
1289,-665887.5
1290,-665887.38
1291,-665887.38
1292,-665887.25
1293,-665887.25
1294,-665887.19
1295,-665887.06
1296,-665887.06
1297,-665886.94
1298,-665886.94
1299,-665886.88
1300,-665886.75
1301,-665886.69
1302,-665886.62
1303,-665886.56
1304,-665886.44
1305,-665886.38
1306,-665886.38
1307,-665886.31
1308,-665886.25
1309,-665886.19
1310,-665886.06
1311,-665886.06
1312,-665885.94
1313,-665885.94
1314,-665885.81
1315,-665885.81
1316,-665885.75
1317,-665885.62
1318,-665885.56
1319,-665885.5
1320,-665885.44
1321,-665885.38
1322,-665885.25
1323,-665885.25
1324,-665885.19
1325,-665885.12
1326,-665885.06
1327,-665885.0
1328,-665884.94
1329,-665884.88
1330,-665884.81
1331,-665884.75
1332,-665884.69
1333,-665884.62
1334,-665884.5
1335,-665884.5
1336,-665884.38
1337,-665884.31
1338,-665884.25
1339,-665884.19
1340,-665884.19
1341,-665884.06
1342,-665884.06
1343,-665883.94
1344,-665883.94
1345,-665883.81
1346,-665883.75
1347,-665883.69
1348,-665883.62
1349,-665883.5
1350,-665883.5
1351,-665883.38
1352,-665883.38
1353,-665883.25
1354,-665883.25
1355,-665883.12
1356,-665883.12
1357,-665883.06
1358,-665883.0
1359,-665882.94
1360,-665882.81
1361,-665882.75
1362,-665882.75
1363,-665882.62
1364,-665882.56
1365,-665882.5
1366,-665882.38
1367,-665882.38
1368,-665882.31
1369,-665882.25
1370,-665882.19
1371,-665882.12
1372,-665882.06
1373,-665882.0
1374,-665881.94
1375,-665881.94
1376,-665881.75
1377,-665881.75
1378,-665881.69
1379,-665881.56
1380,-665881.5
1381,-665881.44
1382,-665881.38
1383,-665881.31
1384,-665881.25
1385,-665881.19
1386,-665881.19
1387,-665881.06
1388,-665881.0
1389,-665880.94
1390,-665880.94
1391,-665880.81
1392,-665880.75
1393,-665880.62
1394,-665880.62
1395,-665880.5
1396,-665880.5
1397,-665880.38
1398,-665880.31
1399,-665880.25
1400,-665880.25
1401,-665880.19
1402,-665880.06
1403,-665880.0
1404,-665880.0
1405,-665879.94
1406,-665879.81
1407,-665879.75
1408,-665879.69
1409,-665879.62
1410,-665879.5
1411,-665879.44
1412,-665879.44
1413,-665879.38
1414,-665879.25
1415,-665879.25
1416,-665879.19
1417,-665879.12
1418,-665879.06
1419,-665878.94
1420,-665878.94
1421,-665878.81
1422,-665878.75
1423,-665878.75
1424,-665878.62
1425,-665878.56
1426,-665878.5
1427,-665878.38
1428,-665878.38
1429,-665878.31
1430,-665878.25
1431,-665878.19
1432,-665878.12
1433,-665878.06
1434,-665878.0
1435,-665877.94
1436,-665877.94
1437,-665877.75
1438,-665877.75
1439,-665877.69
1440,-665877.62
1441,-665877.5
1442,-665877.44
1443,-665877.38
1444,-665877.38
1445,-665877.25
1446,-665877.25
1447,-665877.19
1448,-665877.06
1449,-665877.06
1450,-665876.94
1451,-665876.88
1452,-665876.81
1453,-665876.75
1454,-665876.62
1455,-665876.62
1456,-665876.5
1457,-665876.5
1458,-665876.38
1459,-665876.31
1460,-665876.25
1461,-665876.19
1462,-665876.19
1463,-665876.06
1464,-665876.06
1465,-665876.0
1466,-665875.94
1467,-665875.81
1468,-665875.75
1469,-665875.75
1470,-665875.62
1471,-665875.56
1472,-665875.5
1473,-665875.44
1474,-665875.38
1475,-665875.38
1476,-665875.25
1477,-665875.19
1478,-665875.12
1479,-665875.06
1480,-665875.0
1481,-665874.94
1482,-665874.81
1483,-665874.81
1484,-665874.75
1485,-665874.62
1486,-665874.56
1487,-665874.5
1488,-665874.5
1489,-665874.38
1490,-665874.31
1491,-665874.25
1492,-665874.19
1493,-665874.19
1494,-665874.06
1495,-665874.06
1496,-665873.94
1497,-665873.88
1498,-665873.75
1499,-665873.75
1500,-665873.69
1501,-665873.5
1502,-665873.5
1503,-665873.44
1504,-665873.38
1505,-665873.38
1506,-665873.31
1507,-665873.25
1508,-665873.12
1509,-665873.12
1510,-665873.06
1511,-665873.0
1512,-665872.94
1513,-665872.81
1514,-665872.75
1515,-665872.62
1516,-665872.56
1517,-665872.56
1518,-665872.5
1519,-665872.38
1520,-665872.31
1521,-665872.25
1522,-665872.25
1523,-665872.19
1524,-665872.06
1525,-665872.06
1526,-665872.0
1527,-665871.94
1528,-665871.81
1529,-665871.75
1530,-665871.75
1531,-665871.62
1532,-665871.56
1533,-665871.5
1534,-665871.44
1535,-665871.38
1536,-665871.38
1537,-665871.25
1538,-665871.19
1539,-665871.12
1540,-665871.06
1541,-665871.06
1542,-665870.94
1543,-665870.88
1544,-665870.81
1545,-665870.75
1546,-665870.62
1547,-665870.56
1548,-665870.56
1549,-665870.5
1550,-665870.38
1551,-665870.31
1552,-665870.25
1553,-665870.19
1554,-665870.19
1555,-665870.06
1556,-665870.06
1557,-665870.0
1558,-665869.94
1559,-665869.81
1560,-665869.75
1561,-665869.69
1562,-665869.62
1563,-665869.5
1564,-665869.5
1565,-665869.44
1566,-665869.38
1567,-665869.38
1568,-665869.25
1569,-665869.19
1570,-665869.12
1571,-665869.06
1572,-665869.0
1573,-665868.94
1574,-665868.81
1575,-665868.75
1576,-665868.75
1577,-665868.62
1578,-665868.56
1579,-665868.5
1580,-665868.5
1581,-665868.38
1582,-665868.31
1583,-665868.25
1584,-665868.19
1585,-665868.12
1586,-665868.06
1587,-665868.0
1588,-665867.94
1589,-665867.88
1590,-665867.75
1591,-665867.75
1592,-665867.62
1593,-665867.62
1594,-665867.5
1595,-665867.44
1596,-665867.38
1597,-665867.38
1598,-665867.25
1599,-665867.25
1600,-665867.12
1601,-665867.12
1602,-665867.06
1603,-665866.94
1604,-665866.88
1605,-665866.81
1606,-665866.75
1607,-665866.62
1608,-665866.56
1609,-665866.5
1610,-665866.5
1611,-665866.38
1612,-665866.38
1613,-665866.25
1614,-665866.19
1615,-665866.19
1616,-665866.06
1617,-665866.06
1618,-665866.0
1619,-665865.94
1620,-665865.81
1621,-665865.75
1622,-665865.69
1623,-665865.62
1624,-665865.5
1625,-665865.5
1626,-665865.44
1627,-665865.38
1628,-665865.38
1629,-665865.25
1630,-665865.19
1631,-665865.12
1632,-665865.06
1633,-665865.06
1634,-665864.94
1635,-665864.81
1636,-665864.75
1637,-665864.75
1638,-665864.62
1639,-665864.5
1640,-665864.5
1641,-665864.5
1642,-665864.38
1643,-665864.31
1644,-665864.25
1645,-665864.19
1646,-665864.06
1647,-665864.06
1648,-665864.0
1649,-665863.94
1650,-665863.81
1651,-665863.75
1652,-665863.75
1653,-665863.62
1654,-665863.62
1655,-665863.5
1656,-665863.44
1657,-665863.38
1658,-665863.38
1659,-665863.25
1660,-665863.25
1661,-665863.12
1662,-665863.12
1663,-665863.06
1664,-665863.0
1665,-665862.88
1666,-665862.81
1667,-665862.75
1668,-665862.62
1669,-665862.56
1670,-665862.5
1671,-665862.5
1672,-665862.38
1673,-665862.38
1674,-665862.31
1675,-665862.25
1676,-665862.19
1677,-665862.06
1678,-665862.06
1679,-665862.0
1680,-665861.94
1681,-665861.81
1682,-665861.75
1683,-665861.69
1684,-665861.62
1685,-665861.5
1686,-665861.5
1687,-665861.44
1688,-665861.38
1689,-665861.38
1690,-665861.25
1691,-665861.19
1692,-665861.12
1693,-665861.12
1694,-665861.06
1695,-665860.94
1696,-665860.88
1697,-665860.81
1698,-665860.75
1699,-665860.62
1700,-665860.56
1701,-665860.5
1702,-665860.5
1703,-665860.38
1704,-665860.38
1705,-665860.25
1706,-665860.19
1707,-665860.12
1708,-665860.06
1709,-665860.0
1710,-665860.0
1711,-665859.81
1712,-665859.81
1713,-665859.75
1714,-665859.62
1715,-665859.62
1716,-665859.5
1717,-665859.44
1718,-665859.44
1719,-665859.38
1720,-665859.31
1721,-665859.19
1722,-665859.12
1723,-665859.12
1724,-665859.06
1725,-665858.94
1726,-665858.88
1727,-665858.81
1728,-665858.75
1729,-665858.75
1730,-665858.56
1731,-665858.56
1732,-665858.5
1733,-665858.44
1734,-665858.38
1735,-665858.31
1736,-665858.25
1737,-665858.19
1738,-665858.06
1739,-665858.06
1740,-665858.0
1741,-665857.94
1742,-665857.81
1743,-665857.75
1744,-665857.69
1745,-665857.62
1746,-665857.5
1747,-665857.5
1748,-665857.44
1749,-665857.38
1750,-665857.38
1751,-665857.25
1752,-665857.25
1753,-665857.12
1754,-665857.12
1755,-665857.0
1756,-665856.94
1757,-665856.88
1758,-665856.75
1759,-665856.75
1760,-665856.62
1761,-665856.56
1762,-665856.5
1763,-665856.5
1764,-665856.38
1765,-665856.38
1766,-665856.25
1767,-665856.19
1768,-665856.19
1769,-665856.06
1770,-665856.0
1771,-665856.0
1772,-665855.94
1773,-665855.81
1774,-665855.75
1775,-665855.62
1776,-665855.62
1777,-665855.5
1778,-665855.5
1779,-665855.44
1780,-665855.38
1781,-665855.31
1782,-665855.25
1783,-665855.12
1784,-665855.12
1785,-665855.06
1786,-665855.0
1787,-665854.88
1788,-665854.81
1789,-665854.75
1790,-665854.62
1791,-665854.62
1792,-665854.56
1793,-665854.5
1794,-665854.5
1795,-665854.38
1796,-665854.31
1797,-665854.25
1798,-665854.19
1799,-665854.06
1800,-665854.06
1801,-665854.0
1802,-665853.94
1803,-665853.81
1804,-665853.75
1805,-665853.75
1806,-665853.62
1807,-665853.56
1808,-665853.5
1809,-665853.44
1810,-665853.38
1811,-665853.38
1812,-665853.25
1813,-665853.25
1814,-665853.12
1815,-665853.12
1816,-665853.0
1817,-665852.94
1818,-665852.88
1819,-665852.81
1820,-665852.75
1821,-665852.62
1822,-665852.56
1823,-665852.56
1824,-665852.5
1825,-665852.38
1826,-665852.38
1827,-665852.25
1828,-665852.25
1829,-665852.19
1830,-665852.06
1831,-665852.06
1832,-665852.0
1833,-665851.94
1834,-665851.81
1835,-665851.75
1836,-665851.69
1837,-665851.62
1838,-665851.5
1839,-665851.5
1840,-665851.44
1841,-665851.38
1842,-665851.31
1843,-665851.25
1844,-665851.19
1845,-665851.12
1846,-665851.06
1847,-665850.94
1848,-665850.94
1849,-665850.81
1850,-665850.75
1851,-665850.69
1852,-665850.56
1853,-665850.56
1854,-665850.5
1855,-665850.5
1856,-665850.38
1857,-665850.31
1858,-665850.25
1859,-665850.19
1860,-665850.06
1861,-665850.06
1862,-665850.0
1863,-665849.94
1864,-665849.81
1865,-665849.75
1866,-665849.69
1867,-665849.62
1868,-665849.5
1869,-665849.5
1870,-665849.44
1871,-665849.38
1872,-665849.25
1873,-665849.19
1874,-665849.19
1875,-665849.12
1876,-665849.06
1877,-665848.94
1878,-665848.88
1879,-665848.81
1880,-665848.75
1881,-665848.62
1882,-665848.56
1883,-665848.5
1884,-665848.5
1885,-665848.44
1886,-665848.31
1887,-665848.25
1888,-665848.25
1889,-665848.12
1890,-665848.06
1891,-665848.0
1892,-665847.94
1893,-665847.94
1894,-665847.75
1895,-665847.69
1896,-665847.62
1897,-665847.56
1898,-665847.5
1899,-665847.44
1900,-665847.38
1901,-665847.31
1902,-665847.25
1903,-665847.19
1904,-665847.19
1905,-665847.06
1906,-665847.0
1907,-665846.94
1908,-665846.88
1909,-665846.75
1910,-665846.69
1911,-665846.62
1912,-665846.56
1913,-665846.5
1914,-665846.5
1915,-665846.38
1916,-665846.31
1917,-665846.25
1918,-665846.19
1919,-665846.06
1920,-665846.06
1921,-665846.0
1922,-665845.94
1923,-665845.81
1924,-665845.75
1925,-665845.69
1926,-665845.62
1927,-665845.5
1928,-665845.5
1929,-665845.44
1930,-665845.38
1931,-665845.31
1932,-665845.25
1933,-665845.19
1934,-665845.12
1935,-665845.06
1936,-665845.0
1937,-665844.88
1938,-665844.81
1939,-665844.75
1940,-665844.62
1941,-665844.56
1942,-665844.5
1943,-665844.5
1944,-665844.38
1945,-665844.38
1946,-665844.25
1947,-665844.25
1948,-665844.12
1949,-665844.06
1950,-665844.0
1951,-665843.94
1952,-665843.81
1953,-665843.75
1954,-665843.75
1955,-665843.62
1956,-665843.56
1957,-665843.5
1958,-665843.44
1959,-665843.38
1960,-665843.31
1961,-665843.25
1962,-665843.19
1963,-665843.19
1964,-665843.06
1965,-665843.0
1966,-665842.94
1967,-665842.88
1968,-665842.81
1969,-665842.75
1970,-665842.62
1971,-665842.56
1972,-665842.5
1973,-665842.5
1974,-665842.38
1975,-665842.31
1976,-665842.25
1977,-665842.25
1978,-665842.06
1979,-665842.0
1980,-665842.0
1981,-665841.94
1982,-665841.81
1983,-665841.75
1984,-665841.69
1985,-665841.62
1986,-665841.56
1987,-665841.5
1988,-665841.44
1989,-665841.38
1990,-665841.25
1991,-665841.25
1992,-665841.19
1993,-665841.06
1994,-665841.0
1995,-665840.94
1996,-665840.88
1997,-665840.81
1998,-665840.75
1999,-665840.62
2000,-665840.62
2001,-665840.5
2002,-665840.5
2003,-665840.38
2004,-665840.38
2005,-665840.25
2006,-665840.25
2007,-665840.19
2008,-665840.06
2009,-665840.0
2010,-665839.94
2011,-665839.94
2012,-665839.81
2013,-665839.69
2014,-665839.69
2015,-665839.62
2016,-665839.5
2017,-665839.44
2018,-665839.38
2019,-665839.31
2020,-665839.25
2021,-665839.19
2022,-665839.12
2023,-665839.06
2024,-665839.0
2025,-665838.94
2026,-665838.88
2027,-665838.81
2028,-665838.69
2029,-665838.62
2030,-665838.56
2031,-665838.5
2032,-665838.5
2033,-665838.38
2034,-665838.31
2035,-665838.25
2036,-665838.25
2037,-665838.06
2038,-665838.06
2039,-665838.0
2040,-665837.94
2041,-665837.81
2042,-665837.75
2043,-665837.69
2044,-665837.62
2045,-665837.56
2046,-665837.5
2047,-665837.44
2048,-665837.38
2049,-665837.31
2050,-665837.25
2051,-665837.19
2052,-665837.12
2053,-665837.06
2054,-665837.0
2055,-665836.88
2056,-665836.81
2057,-665836.75
2058,-665836.62
2059,-665836.62
2060,-665836.56
2061,-665836.5
2062,-665836.38
2063,-665836.38
2064,-665836.31
2065,-665836.25
2066,-665836.19
2067,-665836.06
2068,-665836.0
2069,-665835.94
2070,-665835.94
2071,-665835.81
2072,-665835.69
2073,-665835.62
2074,-665835.62
2075,-665835.5
2076,-665835.44
2077,-665835.38
2078,-665835.31
2079,-665835.25
2080,-665835.19
2081,-665835.19
2082,-665835.06
2083,-665834.94
2084,-665834.94
2085,-665834.88
2086,-665834.81
2087,-665834.75
2088,-665834.62
2089,-665834.56
2090,-665834.5
2091,-665834.44
2092,-665834.38
2093,-665834.31
2094,-665834.31
2095,-665834.25
2096,-665834.12
2097,-665834.06
2098,-665834.0
2099,-665833.94
2100,-665833.81
2101,-665833.75
2102,-665833.69
2103,-665833.62
2104,-665833.5
2105,-665833.5
2106,-665833.44
2107,-665833.38
2108,-665833.25
2109,-665833.25
2110,-665833.19
2111,-665833.12
2112,-665833.06
2113,-665832.94
2114,-665832.94
2115,-665832.81
2116,-665832.75
2117,-665832.62
2118,-665832.62
2119,-665832.5
2120,-665832.5
2121,-665832.44
2122,-665832.38
2123,-665832.31
2124,-665832.25
2125,-665832.19
2126,-665832.06
2127,-665832.0
2128,-665831.94
2129,-665831.88
2130,-665831.81
2131,-665831.75
2132,-665831.62
2133,-665831.62
2134,-665831.5
2135,-665831.44
2136,-665831.44
2137,-665831.38
2138,-665831.25
2139,-665831.25
2140,-665831.19
2141,-665831.06
2142,-665830.94
2143,-665830.94
2144,-665830.88
2145,-665830.81
2146,-665830.75
2147,-665830.62
2148,-665830.62
2149,-665830.5
2150,-665830.44
2151,-665830.38
2152,-665830.31
2153,-665830.25
2154,-665830.19
2155,-665830.19
2156,-665830.06
2157,-665829.94
2158,-665829.94
2159,-665829.81
2160,-665829.75
2161,-665829.69
2162,-665829.62
2163,-665829.56
2164,-665829.5
2165,-665829.44
2166,-665829.38
2167,-665829.25
2168,-665829.25
2169,-665829.25
2170,-665829.12
2171,-665829.06
2172,-665828.94
2173,-665828.94
2174,-665828.81
2175,-665828.75
2176,-665828.69
2177,-665828.62
2178,-665828.5
2179,-665828.5
2180,-665828.38
2181,-665828.31
2182,-665828.31
2183,-665828.25
2184,-665828.19
2185,-665828.06
2186,-665828.06
2187,-665827.94
2188,-665827.88
2189,-665827.81
2190,-665827.75
2191,-665827.62
2192,-665827.56
2193,-665827.5
2194,-665827.44
2195,-665827.38
2196,-665827.38
2197,-665827.25
2198,-665827.25
2199,-665827.12
2200,-665827.06
2201,-665827.0
2202,-665826.94
2203,-665826.88
2204,-665826.81
2205,-665826.75
2206,-665826.62
2207,-665826.62
2208,-665826.5
2209,-665826.44
2210,-665826.38
2211,-665826.31
2212,-665826.25
2213,-665826.19
2214,-665826.06
2215,-665826.06
2216,-665826.0
2217,-665825.94
2218,-665825.81
2219,-665825.75
2220,-665825.69
2221,-665825.62
2222,-665825.5
2223,-665825.5
2224,-665825.44
2225,-665825.38
2226,-665825.31
2227,-665825.25
2228,-665825.19
2229,-665825.12
2230,-665825.06
2231,-665824.94
2232,-665824.88
2233,-665824.81
2234,-665824.81
2235,-665824.69
2236,-665824.62
2237,-665824.56
2238,-665824.44
2239,-665824.38
2240,-665824.38
2241,-665824.25
2242,-665824.25
2243,-665824.19
2244,-665824.06
2245,-665824.06
2246,-665823.94
2247,-665823.88
2248,-665823.75
2249,-665823.69
2250,-665823.62
2251,-665823.62
2252,-665823.5
2253,-665823.44
2254,-665823.38
2255,-665823.38
2256,-665823.31
2257,-665823.25
2258,-665823.19
2259,-665823.06
2260,-665823.0
2261,-665822.94
2262,-665822.81
2263,-665822.81
2264,-665822.75
2265,-665822.62
2266,-665822.56
2267,-665822.5
2268,-665822.5
2269,-665822.38
2270,-665822.31
2271,-665822.25
2272,-665822.19
2273,-665822.12
2274,-665822.06
2275,-665822.0
2276,-665821.88
2277,-665821.81
2278,-665821.75
2279,-665821.69
2280,-665821.62
2281,-665821.5
2282,-665821.5
2283,-665821.44
2284,-665821.38
2285,-665821.31
2286,-665821.25
2287,-665821.19
2288,-665821.19
2289,-665821.06
2290,-665820.94
2291,-665820.88
2292,-665820.81
2293,-665820.75
2294,-665820.69
2295,-665820.62
2296,-665820.56
2297,-665820.5
2298,-665820.38
2299,-665820.38
2300,-665820.31
2301,-665820.25
2302,-665820.19
2303,-665820.06
2304,-665820.06
2305,-665819.94
2306,-665819.88
2307,-665819.81
2308,-665819.75
2309,-665819.62
2310,-665819.62
2311,-665819.5
2312,-665819.44
2313,-665819.38
2314,-665819.38
2315,-665819.25
2316,-665819.25
2317,-665819.19
2318,-665819.12
2319,-665819.06
2320,-665818.94
2321,-665818.81
2322,-665818.81
2323,-665818.75
2324,-665818.62
2325,-665818.62
2326,-665818.5
2327,-665818.5
2328,-665818.38
2329,-665818.31
2330,-665818.25
2331,-665818.19
2332,-665818.12
2333,-665818.06
2334,-665818.0
2335,-665817.94
2336,-665817.81
2337,-665817.75
2338,-665817.69
2339,-665817.62
2340,-665817.56
2341,-665817.5
2342,-665817.44
2343,-665817.38
2344,-665817.38
2345,-665817.25
2346,-665817.19
2347,-665817.12
2348,-665817.06
2349,-665816.94
2350,-665816.88
2351,-665816.81
2352,-665816.81
2353,-665816.75
2354,-665816.62
2355,-665816.56
2356,-665816.5
2357,-665816.44
2358,-665816.38
2359,-665816.31
2360,-665816.25
2361,-665816.19
2362,-665816.06
2363,-665816.06
2364,-665815.94
2365,-665815.88
2366,-665815.75
2367,-665815.75
2368,-665815.69
2369,-665815.62
2370,-665815.5
2371,-665815.44
2372,-665815.38
2373,-665815.31
2374,-665815.25
2375,-665815.25
2376,-665815.19
2377,-665815.06
2378,-665814.94
2379,-665814.88
2380,-665814.88
2381,-665814.81
2382,-665814.75
2383,-665814.62
2384,-665814.62
2385,-665814.5
2386,-665814.5
2387,-665814.38
2388,-665814.31
2389,-665814.25
2390,-665814.19
2391,-665814.06
2392,-665813.94
2393,-665813.81
2394,-665813.75
2395,-665813.69
2396,-665813.56
2397,-665813.5
2398,-665813.38
2399,-665813.25
2400,-665813.19
2401,-665813.12
2402,-665812.94
2403,-665812.88
2404,-665812.81
2405,-665812.75
2406,-665812.62
2407,-665812.56
2408,-665812.5
2409,-665812.31
2410,-665812.25
2411,-665812.19
2412,-665812.06
2413,-665811.94
2414,-665811.81
2415,-665811.75
2416,-665811.69
2417,-665811.5
2418,-665811.44
2419,-665811.38
2420,-665811.25
2421,-665811.19
2422,-665811.12
2423,-665810.94
2424,-665810.88
2425,-665810.81
2426,-665810.75
2427,-665810.62
2428,-665810.5
2429,-665810.38
2430,-665810.31
2431,-665810.19
2432,-665810.19
2433,-665810.06
2434,-665809.94
2435,-665809.81
2436,-665809.75
2437,-665809.62
2438,-665809.5
2439,-665809.44
2440,-665809.38
2441,-665809.25
2442,-665809.19
2443,-665809.12
2444,-665808.94
2445,-665808.88
2446,-665808.81
2447,-665808.69
2448,-665808.56
2449,-665808.5
2450,-665808.38
2451,-665808.31
2452,-665808.19
2453,-665808.06
2454,-665808.06
2455,-665807.94
2456,-665807.81
2457,-665807.75
2458,-665807.62
2459,-665807.5
2460,-665807.44
2461,-665807.38
2462,-665807.25
2463,-665807.12
2464,-665807.06
2465,-665806.94
2466,-665806.88
2467,-665806.81
2468,-665806.62
2469,-665806.56
2470,-665806.5
2471,-665806.38
2472,-665806.31
2473,-665806.19
2474,-665806.12
2475,-665806.0
2476,-665805.94
2477,-665805.81
2478,-665805.75
2479,-665805.62
2480,-665805.5
2481,-665805.44
2482,-665805.38
2483,-665805.25
2484,-665805.12
2485,-665805.06
2486,-665804.94
2487,-665804.81
2488,-665804.75
2489,-665804.62
2490,-665804.56
2491,-665804.5
2492,-665804.38
2493,-665804.31
2494,-665804.19
2495,-665804.06
2496,-665804.0
2497,-665803.94
2498,-665803.81
2499,-665803.75
2500,-665803.62
2501,-665803.5
2502,-665803.44
2503,-665803.25
2504,-665803.19
2505,-665803.19
2506,-665803.06
2507,-665802.94
2508,-665802.81
2509,-665802.75
2510,-665802.62
2511,-665802.56
2512,-665802.44
2513,-665802.38
2514,-665802.31
2515,-665802.19
2516,-665802.06
2517,-665802.0
2518,-665801.88
2519,-665801.81
2520,-665801.69
2521,-665801.62
2522,-665801.5
2523,-665801.38
2524,-665801.31
2525,-665801.19
2526,-665801.19
2527,-665801.06
2528,-665800.94
2529,-665800.88
2530,-665800.75
2531,-665800.62
2532,-665800.5
2533,-665800.5
2534,-665800.38
2535,-665800.25
2536,-665800.19
2537,-665800.06
2538,-665800.0
2539,-665799.88
2540,-665799.81
2541,-665799.69
2542,-665799.56
2543,-665799.5
2544,-665799.38
2545,-665799.38
2546,-665799.19
2547,-665799.12
2548,-665799.0
2549,-665798.94
2550,-665798.81
2551,-665798.75
2552,-665798.62
2553,-665798.5
2554,-665798.38
2555,-665798.38
2556,-665798.25
2557,-665798.19
2558,-665798.06
2559,-665797.94
2560,-665797.81
2561,-665797.81
2562,-665797.62
2563,-665797.62
2564,-665797.44
2565,-665797.38
2566,-665797.31
2567,-665797.19
2568,-665797.06
2569,-665797.0
2570,-665796.88
2571,-665796.81
2572,-665796.75
2573,-665796.56
2574,-665796.5
2575,-665796.44
2576,-665796.38
2577,-665796.25
2578,-665796.19
2579,-665796.0
2580,-665795.94
2581,-665795.81
2582,-665795.75
2583,-665795.62
2584,-665795.5
2585,-665795.44
2586,-665795.38
2587,-665795.31
2588,-665795.19
2589,-665795.12
2590,-665795.0
2591,-665794.94
2592,-665794.81
2593,-665794.75
2594,-665794.56
2595,-665794.5
2596,-665794.44
2597,-665794.38
2598,-665794.25
2599,-665794.19
2600,-665794.0
2601,-665793.94
2602,-665793.81
2603,-665793.75
2604,-665793.62
2605,-665793.56
2606,-665793.5
2607,-665793.38
2608,-665793.25
2609,-665793.19
2610,-665793.06
2611,-665792.94
2612,-665792.88
2613,-665792.75
2614,-665792.69
2615,-665792.56
2616,-665792.5
2617,-665792.38
2618,-665792.31
2619,-665792.25
2620,-665792.19
2621,-665792.0
2622,-665791.94
2623,-665791.81
2624,-665791.75
2625,-665791.62
2626,-665791.5
2627,-665791.38
2628,-665791.31
2629,-665791.25
2630,-665791.12
2631,-665791.06
2632,-665790.94
2633,-665790.88
2634,-665790.81
2635,-665790.62
2636,-665790.56
2637,-665790.5
2638,-665790.38
2639,-665790.31
2640,-665790.25
2641,-665790.12
2642,-665790.0
2643,-665789.94
2644,-665789.81
2645,-665789.75
2646,-665789.62
2647,-665789.5
2648,-665789.44
2649,-665789.38
2650,-665789.25
2651,-665789.12
2652,-665789.06
2653,-665788.94
2654,-665788.88
2655,-665788.75
2656,-665788.69
2657,-665788.56
2658,-665788.5
2659,-665788.38
2660,-665788.31
2661,-665788.19
2662,-665788.06
2663,-665787.94
2664,-665787.88
2665,-665787.81
2666,-665787.75
2667,-665787.62
2668,-665787.5
2669,-665787.38
2670,-665787.31
2671,-665787.19
2672,-665787.12
2673,-665787.06
2674,-665786.94
2675,-665786.81
2676,-665786.75
2677,-665786.62
2678,-665786.56
2679,-665786.5
2680,-665786.38
2681,-665786.25
2682,-665786.19
2683,-665786.06
2684,-665785.94
2685,-665785.94
2686,-665785.75
2687,-665785.75
2688,-665785.62
2689,-665785.5
2690,-665785.38
2691,-665785.31
2692,-665785.25
2693,-665785.12
2694,-665785.06
2695,-665784.88
2696,-665784.81
2697,-665784.75
2698,-665784.62
2699,-665784.56
2700,-665784.44
2701,-665784.31
2702,-665784.25
2703,-665784.19
2704,-665784.06
2705,-665783.94
2706,-665783.81
2707,-665783.75
2708,-665783.69
2709,-665783.62
2710,-665783.44
2711,-665783.38
2712,-665783.31
2713,-665783.19
2714,-665783.12
2715,-665783.0
2716,-665782.88
2717,-665782.81
2718,-665782.75
2719,-665782.62
2720,-665782.5
2721,-665782.44
2722,-665782.38
2723,-665782.25
2724,-665782.19
2725,-665782.06
2726,-665781.94
2727,-665781.88
2728,-665781.75
2729,-665781.69
2730,-665781.62
2731,-665781.44
2732,-665781.38
2733,-665781.31
2734,-665781.19
2735,-665781.06
2736,-665780.94
2737,-665780.88
2738,-665780.81
2739,-665780.75
2740,-665780.62
2741,-665780.5
2742,-665780.38
2743,-665780.31
2744,-665780.25
2745,-665780.19
2746,-665780.0
2747,-665779.94
2748,-665779.81
2749,-665779.75
2750,-665779.62
2751,-665779.5
2752,-665779.44
2753,-665779.38
2754,-665779.25
2755,-665779.19
2756,-665779.06
2757,-665778.94
2758,-665778.88
2759,-665778.81
2760,-665778.75
2761,-665778.62
2762,-665778.5
2763,-665778.38
2764,-665778.31
2765,-665778.25
2766,-665778.12
2767,-665778.0
2768,-665777.94
2769,-665777.81
2770,-665777.75
2771,-665777.62
2772,-665777.5
2773,-665777.44
2774,-665777.38
2775,-665777.31
2776,-665777.19
2777,-665777.06
2778,-665776.94
2779,-665776.88
2780,-665776.81
2781,-665776.69
2782,-665776.56
2783,-665776.44
2784,-665776.38
2785,-665776.31
2786,-665776.25
2787,-665776.06
2788,-665776.0
2789,-665775.94
2790,-665775.81
2791,-665775.75
2792,-665775.62
2793,-665775.5
2794,-665775.44
2795,-665775.31
2796,-665775.25
2797,-665775.19
2798,-665775.06
2799,-665774.94
2800,-665774.88
2801,-665774.81
2802,-665774.69
2803,-665774.56
2804,-665774.44
2805,-665774.38
2806,-665774.25
2807,-665774.19
2808,-665774.06
2809,-665774.0
2810,-665773.94
2811,-665773.81
2812,-665773.69
2813,-665773.62
2814,-665773.5
2815,-665773.44
2816,-665773.38
2817,-665773.25
2818,-665773.19
2819,-665773.06
2820,-665772.94
2821,-665772.88
2822,-665772.75
2823,-665772.62
2824,-665772.5
2825,-665772.44
2826,-665772.38
2827,-665772.25
2828,-665772.19
2829,-665772.06
2830,-665772.0
2831,-665771.94
2832,-665771.81
2833,-665771.69
2834,-665771.62
2835,-665771.5
2836,-665771.38
2837,-665771.31
2838,-665771.19
2839,-665771.12
2840,-665770.94
2841,-665770.94
2842,-665770.88
2843,-665770.75
2844,-665770.69
2845,-665770.5
2846,-665770.44
2847,-665770.38
2848,-665770.25
2849,-665770.19
2850,-665770.06
2851,-665770.0
2852,-665769.94
2853,-665769.75
2854,-665769.75
2855,-665769.56
2856,-665769.5
2857,-665769.38
2858,-665769.31
2859,-665769.25
2860,-665769.12
2861,-665768.94
2862,-665768.94
2863,-665768.81
2864,-665768.75
2865,-665768.62
2866,-665768.5
2867,-665768.44
2868,-665768.38
2869,-665768.25
2870,-665768.19
2871,-665768.06
2872,-665768.0
2873,-665767.88
2874,-665767.75
2875,-665767.69
2876,-665767.5
2877,-665767.5
2878,-665767.38
2879,-665767.31
2880,-665767.19
2881,-665767.12
2882,-665767.06
2883,-665766.94
2884,-665766.81
2885,-665766.75
2886,-665766.56
2887,-665766.5
2888,-665766.38
2889,-665766.31
2890,-665766.25
2891,-665766.19
2892,-665766.06
2893,-665766.0
2894,-665765.94
2895,-665765.75
2896,-665765.69
2897,-665765.5
2898,-665765.5
2899,-665765.38
2900,-665765.31
2901,-665765.19
2902,-665765.12
2903,-665765.0
2904,-665764.88
2905,-665764.81
2906,-665764.69
2907,-665764.56
2908,-665764.5
2909,-665764.38
2910,-665764.31
2911,-665764.25
2912,-665764.19
2913,-665764.0
2914,-665763.94
2915,-665763.88
2916,-665763.75
2917,-665763.62
2918,-665763.5
2919,-665763.44
2920,-665763.38
2921,-665763.31
2922,-665763.19
2923,-665763.06
2924,-665762.94
2925,-665762.88
2926,-665762.75
2927,-665762.69
2928,-665762.56
2929,-665762.5
2930,-665762.38
2931,-665762.31
2932,-665762.25
2933,-665762.12
2934,-665762.0
2935,-665761.94
2936,-665761.88
2937,-665761.75
2938,-665761.62
2939,-665761.5
2940,-665761.44
2941,-665761.38
2942,-665761.25
2943,-665761.19
2944,-665761.06
2945,-665760.94
2946,-665760.88
2947,-665760.81
2948,-665760.62
2949,-665760.56
2950,-665760.5
2951,-665760.38
2952,-665760.31
2953,-665760.25
2954,-665760.12
2955,-665760.0
2956,-665759.94
2957,-665759.81
2958,-665759.75
2959,-665759.62
2960,-665759.5
2961,-665759.44
2962,-665759.38
2963,-665759.25
2964,-665759.12
2965,-665759.06
2966,-665758.94
2967,-665758.88
2968,-665758.81
2969,-665758.62
2970,-665758.5
2971,-665758.44
2972,-665758.38
2973,-665758.31
2974,-665758.19
2975,-665758.06
2976,-665758.0
2977,-665757.94
2978,-665757.81
2979,-665757.75
2980,-665757.62
2981,-665757.5
2982,-665757.38
2983,-665757.31
2984,-665757.25
2985,-665757.12
2986,-665757.06
2987,-665756.94
2988,-665756.81
2989,-665756.75
2990,-665756.62
2991,-665756.5
2992,-665756.44
2993,-665756.38
2994,-665756.25
2995,-665756.19
2996,-665756.06
2997,-665756.0
2998,-665755.88
2999,-665755.81
3000,-665755.62
3001,-665755.56
3002,-665755.44
3003,-665755.38
3004,-665755.31
3005,-665755.19
3006,-665755.06
3007,-665754.94
3008,-665754.88
3009,-665754.81
3010,-665754.62
3011,-665754.56
3012,-665754.44
3013,-665754.38
3014,-665754.25
3015,-665754.19
3016,-665754.06
3017,-665754.0
3018,-665753.94
3019,-665753.81
3020,-665753.75
3021,-665753.56
3022,-665753.5
3023,-665753.38
3024,-665753.31
3025,-665753.19
3026,-665753.12
3027,-665753.0
3028,-665752.94
3029,-665752.81
3030,-665752.75
3031,-665752.62
3032,-665752.5
3033,-665752.38
3034,-665752.31
3035,-665752.25
3036,-665752.06
3037,-665752.0
3038,-665751.94
3039,-665751.81
3040,-665751.75
3041,-665751.62
3042,-665751.5
3043,-665751.44
3044,-665751.31
3045,-665751.25
3046,-665751.12
3047,-665751.06
3048,-665750.94
3049,-665750.81
3050,-665750.75
3051,-665750.62
3052,-665750.5
3053,-665750.44
3054,-665750.38
3055,-665750.25
3056,-665750.19
3057,-665750.06
3058,-665750.0
3059,-665749.88
3060,-665749.81
3061,-665749.69
3062,-665749.5
3063,-665749.5
3064,-665749.38
3065,-665749.31
3066,-665749.19
3067,-665749.06
3068,-665749.0
3069,-665748.88
3070,-665748.81
3071,-665748.69
3072,-665748.62
3073,-665748.5
3074,-665748.38
3075,-665748.31
3076,-665748.25
3077,-665748.06
3078,-665748.0
3079,-665747.94
3080,-665747.81
3081,-665747.75
3082,-665747.62
3083,-665747.5
3084,-665747.38
3085,-665747.31
3086,-665747.19
3087,-665747.12
3088,-665747.06
3089,-665746.94
3090,-665746.88
3091,-665746.75
3092,-665746.62
3093,-665746.5
3094,-665746.38
3095,-665746.38
3096,-665746.25
3097,-665746.19
3098,-665746.06
3099,-665745.94
3100,-665745.81
3101,-665745.75
3102,-665745.62
3103,-665745.5
3104,-665745.44
3105,-665745.38
3106,-665745.25
3107,-665745.19
3108,-665745.06
3109,-665744.94
3110,-665744.88
3111,-665744.81
3112,-665744.62
3113,-665744.56
3114,-665744.44
3115,-665744.38
3116,-665744.25
3117,-665744.19
3118,-665744.06
3119,-665744.0
3120,-665743.94
3121,-665743.81
3122,-665743.75
3123,-665743.56
3124,-665743.5
3125,-665743.38
3126,-665743.25
3127,-665743.19
3128,-665743.12
3129,-665743.06
3130,-665742.88
3131,-665742.81
3132,-665742.75
3133,-665742.62
3134,-665742.5
3135,-665742.38
3136,-665742.31
3137,-665742.25
3138,-665742.06
3139,-665742.0
3140,-665741.94
3141,-665741.81
3142,-665741.75
3143,-665741.62
3144,-665741.5
3145,-665741.38
3146,-665741.31
3147,-665741.25
3148,-665741.12
3149,-665741.06
3150,-665740.94
3151,-665740.88
3152,-665740.75
3153,-665740.62
3154,-665740.5
3155,-665740.44
3156,-665740.38
3157,-665740.25
3158,-665740.19
3159,-665740.06
3160,-665739.94
3161,-665739.81
3162,-665739.75
3163,-665739.62
3164,-665739.5
3165,-665739.38
3166,-665739.38
3167,-665739.25
3168,-665739.19
3169,-665739.06
3170,-665739.0
3171,-665738.88
3172,-665738.75
3173,-665738.69
3174,-665738.56
3175,-665738.5
3176,-665738.38
3177,-665738.31
3178,-665738.19
3179,-665738.06
3180,-665738.0
3181,-665737.94
3182,-665737.81
3183,-665737.75
3184,-665737.56
3185,-665737.5
3186,-665737.44
3187,-665737.31
3188,-665737.19
3189,-665737.12
3190,-665737.06
3191,-665736.94
3192,-665736.81
3193,-665736.75
3194,-665736.62
3195,-665736.5
3196,-665736.38
3197,-665736.31
3198,-665736.25
3199,-665736.12
3200,-665736.06
3201,-665735.94
3202,-665735.81
3203,-665735.75
3204,-665735.62
3205,-665735.5
3206,-665735.44
3207,-665735.38
3208,-665735.25
3209,-665735.12
3210,-665735.06
3211,-665734.94
3212,-665734.88
3213,-665734.75
3214,-665734.69
3215,-665734.5
3216,-665734.44
3217,-665734.38
3218,-665734.25
3219,-665734.19
3220,-665734.06
3221,-665733.94
3222,-665733.88
3223,-665733.75
3224,-665733.69
3225,-665733.5
3226,-665733.5
3227,-665733.38
3228,-665733.25
3229,-665733.19
3230,-665733.06
3231,-665733.0
3232,-665732.88
3233,-665732.81
3234,-665732.69
3235,-665732.56
3236,-665732.44
3237,-665732.38
3238,-665732.31
3239,-665732.25
3240,-665732.06
3241,-665732.0
3242,-665731.88
3243,-665731.75
3244,-665731.75
3245,-665731.62
3246,-665731.5
3247,-665731.44
3248,-665731.31
3249,-665731.25
3250,-665731.12
3251,-665731.06
3252,-665730.94
3253,-665730.81
3254,-665730.75
3255,-665730.62
3256,-665730.5
3257,-665730.44
3258,-665730.31
3259,-665730.25
3260,-665730.19
3261,-665730.06
3262,-665729.94
3263,-665729.81
3264,-665729.75
3265,-665729.62
3266,-665729.5
3267,-665729.44
3268,-665729.38
3269,-665729.25
3270,-665729.12
3271,-665729.06
3272,-665728.94
3273,-665728.88
3274,-665728.75
3275,-665728.62
3276,-665728.5
3277,-665728.44
3278,-665728.38
3279,-665728.25
3280,-665728.19
3281,-665728.06
3282,-665727.94
3283,-665727.88
3284,-665727.81
3285,-665727.69
3286,-665727.56
3287,-665727.5
3288,-665727.38
3289,-665727.25
3290,-665727.19
3291,-665727.06
3292,-665726.94
3293,-665726.88
3294,-665726.81
3295,-665726.75
3296,-665726.56
3297,-665726.5
3298,-665726.38
3299,-665726.31
3300,-665726.25
3301,-665726.12
3302,-665726.0
3303,-665725.88
3304,-665725.81
3305,-665725.75
3306,-665725.62
3307,-665725.5
3308,-665725.44
3309,-665725.38
3310,-665725.25
3311,-665725.12
3312,-665725.06
3313,-665724.94
3314,-665724.81
3315,-665724.75
3316,-665724.69
3317,-665724.5
3318,-665724.44
3319,-665724.38
3320,-665724.25
3321,-665724.19
3322,-665724.06
3323,-665723.94
3324,-665723.81
3325,-665723.75
3326,-665723.69
3327,-665723.56
3328,-665723.44
3329,-665723.38
3330,-665723.25
3331,-665723.19
3332,-665723.06
3333,-665722.94
3334,-665722.88
3335,-665722.75
3336,-665722.69
3337,-665722.56
3338,-665722.44
3339,-665722.38
3340,-665722.25
3341,-665722.19
3342,-665722.06
3343,-665721.94
3344,-665721.94
3345,-665721.81
3346,-665721.75
3347,-665721.62
3348,-665721.5
3349,-665721.44
3350,-665721.25
3351,-665721.19
3352,-665721.06
3353,-665721.06
3354,-665720.88
3355,-665720.81
3356,-665720.75
3357,-665720.62
3358,-665720.5
3359,-665720.38
3360,-665720.31
3361,-665720.25
3362,-665720.19
3363,-665720.0
3364,-665719.94
3365,-665719.81
3366,-665719.75
3367,-665719.62
3368,-665719.5
3369,-665719.44
3370,-665719.38
3371,-665719.25
3372,-665719.12
3373,-665719.06
3374,-665718.94
3375,-665718.88
3376,-665718.75
3377,-665718.62
3378,-665718.5
3379,-665718.44
3380,-665718.38
3381,-665718.25
3382,-665718.19
3383,-665718.06
3384,-665717.94
3385,-665717.81
3386,-665717.75
3387,-665717.69
3388,-665717.56
3389,-665717.5
3390,-665717.38
3391,-665717.25
3392,-665717.19
3393,-665717.06
3394,-665716.94
3395,-665716.88
3396,-665716.81
3397,-665716.75
3398,-665716.56
3399,-665716.5
3400,-665716.38
3401,-665716.31
3402,-665716.25
3403,-665716.06
3404,-665715.94
3405,-665715.94
3406,-665715.81
3407,-665715.75
3408,-665715.56
3409,-665715.5
3410,-665715.44
3411,-665715.25
3412,-665715.19
3413,-665715.12
3414,-665715.0
3415,-665714.88
3416,-665714.81
3417,-665714.75
3418,-665714.62
3419,-665714.5
3420,-665714.44
3421,-665714.31
3422,-665714.25
3423,-665714.19
3424,-665714.0
3425,-665713.94
3426,-665713.81
3427,-665713.75
3428,-665713.69
3429,-665713.56
3430,-665713.44
3431,-665713.38
3432,-665713.25
3433,-665713.12
3434,-665713.06
3435,-665712.94
3436,-665712.81
3437,-665712.81
3438,-665712.62
3439,-665712.5
3440,-665712.5
3441,-665712.38
3442,-665712.25
3443,-665712.25
3444,-665712.06
3445,-665711.94
3446,-665711.81
3447,-665711.81
3448,-665711.69
3449,-665711.56
3450,-665711.5
3451,-665711.38
3452,-665711.25
3453,-665711.19
3454,-665711.06
3455,-665710.94
3456,-665710.88
3457,-665710.81
3458,-665710.69
3459,-665710.62
3460,-665710.5
3461,-665710.38
3462,-665710.31
3463,-665710.25
3464,-665710.06
3465,-665710.0
3466,-665709.94
3467,-665709.81
3468,-665709.75
3469,-665709.62
3470,-665709.5
3471,-665709.44
3472,-665709.38
3473,-665709.25
3474,-665709.12
3475,-665708.94
3476,-665708.88
3477,-665708.81
3478,-665708.75
3479,-665708.62
3480,-665708.5
3481,-665708.44
3482,-665708.31
3483,-665708.25
3484,-665708.19
3485,-665708.0
3486,-665707.94
3487,-665707.81
3488,-665707.75
3489,-665707.69
3490,-665707.56
3491,-665707.44
3492,-665707.38
3493,-665707.25
3494,-665707.12
3495,-665707.06
3496,-665706.94
3497,-665706.88
3498,-665706.75
3499,-665706.69
3500,-665706.56
3501,-665706.5
3502,-665706.38
3503,-665706.31
3504,-665706.25
3505,-665706.06
3506,-665705.94
3507,-665705.88
3508,-665705.75
3509,-665705.69
3510,-665705.62
3511,-665705.44
3512,-665705.38
3513,-665705.25
3514,-665705.19
3515,-665705.06
3516,-665705.0
3517,-665704.88
3518,-665704.81
3519,-665704.75
3520,-665704.62
3521,-665704.5
3522,-665704.38
3523,-665704.31
3524,-665704.25
3525,-665704.12
3526,-665704.0
3527,-665703.88
3528,-665703.81
3529,-665703.75
3530,-665703.62
3531,-665703.5
3532,-665703.44
3533,-665703.38
3534,-665703.25
3535,-665703.12
3536,-665703.06
3537,-665702.94
3538,-665702.81
3539,-665702.75
3540,-665702.62
3541,-665702.56
3542,-665702.5
3543,-665702.38
3544,-665702.25
3545,-665702.19
3546,-665702.0
3547,-665702.0
3548,-665701.81
3549,-665701.75
3550,-665701.69
3551,-665701.56
3552,-665701.5
3553,-665701.38
3554,-665701.25
3555,-665701.19
3556,-665701.06
3557,-665700.94
3558,-665700.88
3559,-665700.81
3560,-665700.75
3561,-665700.62
3562,-665700.5
3563,-665700.38
3564,-665700.31
3565,-665700.19
3566,-665700.06
3567,-665700.0
3568,-665699.81
3569,-665699.81
3570,-665699.75
3571,-665699.62
3572,-665699.5
3573,-665699.44
3574,-665699.31
3575,-665699.19
3576,-665699.06
3577,-665698.94
3578,-665698.88
3579,-665698.81
3580,-665698.75
3581,-665698.62
3582,-665698.56
3583,-665698.38
3584,-665698.31
3585,-665698.25
3586,-665698.12
3587,-665698.0
3588,-665697.94
3589,-665697.81
3590,-665697.75
3591,-665697.69
3592,-665697.56
3593,-665697.44
3594,-665697.38
3595,-665697.25
3596,-665697.12
3597,-665697.06
3598,-665696.94
3599,-665696.81
3600,-665696.75
3601,-665696.69
3602,-665696.56
3603,-665696.5
3604,-665696.38
3605,-665696.25
3606,-665696.19
3607,-665696.0
3608,-665695.94
3609,-665695.81
3610,-665695.75
3611,-665695.69
3612,-665695.62
3613,-665695.5
3614,-665695.38
3615,-665695.25
3616,-665695.19
3617,-665695.06
3618,-665694.94
3619,-665694.88
3620,-665694.81
3621,-665694.75
3622,-665694.62
3623,-665694.5
3624,-665694.38
3625,-665694.31
3626,-665694.25
3627,-665694.06
3628,-665694.0
3629,-665693.88
3630,-665693.81
3631,-665693.75
3632,-665693.62
3633,-665693.5
3634,-665693.44
3635,-665693.38
3636,-665693.19
3637,-665693.12
3638,-665693.0
3639,-665692.88
3640,-665692.81
3641,-665692.75
3642,-665692.62
3643,-665692.56
3644,-665692.5
3645,-665692.38
3646,-665692.25
3647,-665692.19
3648,-665692.0
3649,-665691.94
3650,-665691.81
3651,-665691.75
3652,-665691.69
3653,-665691.56
3654,-665691.44
3655,-665691.38
3656,-665691.25
3657,-665691.12
3658,-665691.06
3659,-665690.94
3660,-665690.81
3661,-665690.75
3662,-665690.75
3663,-665690.56
3664,-665690.5
3665,-665690.38
3666,-665690.31
3667,-665690.19
3668,-665690.06
3669,-665689.94
3670,-665689.81
3671,-665689.75
3672,-665689.69
3673,-665689.62
3674,-665689.5
3675,-665689.44
3676,-665689.25
3677,-665689.19
3678,-665689.12
3679,-665688.94
3680,-665688.88
3681,-665688.75
3682,-665688.75
3683,-665688.62
3684,-665688.5
3685,-665688.38
3686,-665688.31
3687,-665688.25
3688,-665688.12
3689,-665688.0
3690,-665687.88
3691,-665687.81
3692,-665687.75
3693,-665687.62
3694,-665687.56
3695,-665687.44
3696,-665687.38
3697,-665687.19
3698,-665687.12
3699,-665687.06
3700,-665686.94
3701,-665686.81
3702,-665686.75
3703,-665686.62
3704,-665686.5
3705,-665686.5
3706,-665686.38
3707,-665686.25
3708,-665686.19
3709,-665686.06
3710,-665685.94
3711,-665685.81
3712,-665685.75
3713,-665685.69
3714,-665685.56
3715,-665685.5
3716,-665685.38
3717,-665685.25
3718,-665685.19
3719,-665685.06
3720,-665684.94
3721,-665684.81
3722,-665684.75
3723,-665684.69
3724,-665684.56
3725,-665684.5
3726,-665684.38
3727,-665684.31
3728,-665684.19
3729,-665684.06
3730,-665684.0
3731,-665683.81
3732,-665683.75
3733,-665683.75
3734,-665683.62
3735,-665683.5
3736,-665683.44
3737,-665683.38
3738,-665683.19
3739,-665683.12
3740,-665682.94
3741,-665682.88
3742,-665682.75
3743,-665682.69
3744,-665682.62
3745,-665682.56
3746,-665682.38
3747,-665682.31
3748,-665682.25
3749,-665682.06
3750,-665682.06
3751,-665681.88
3752,-665681.81
3753,-665681.75
3754,-665681.62
3755,-665681.5
3756,-665681.5
3757,-665681.38
3758,-665681.19
3759,-665681.12
3760,-665681.06
3761,-665680.94
3762,-665680.81
3763,-665680.75
3764,-665680.62
3765,-665680.56
3766,-665680.5
3767,-665680.38
3768,-665680.25
3769,-665680.19
3770,-665680.06
3771,-665680.0
3772,-665679.81
3773,-665679.75
3774,-665679.69
3775,-665679.62
3776,-665679.5
3777,-665679.38
3778,-665679.25
3779,-665679.12
3780,-665679.06
3781,-665678.94
3782,-665678.81
3783,-665678.75
3784,-665678.69
3785,-665678.56
3786,-665678.5
3787,-665678.38
3788,-665678.31
3789,-665678.19
3790,-665678.06
3791,-665678.0
3792,-665677.81
3793,-665677.75
3794,-665677.75
3795,-665677.62
3796,-665677.56
3797,-665677.44
3798,-665677.38
3799,-665677.19
3800,-665677.12
3801,-665677.06
3802,-665676.94
3803,-665676.81
3804,-665676.75
3805,-665676.62
3806,-665676.56
3807,-665676.44
3808,-665676.38
3809,-665676.25
3810,-665676.19
3811,-665676.06
3812,-665675.94
3813,-665675.81
3814,-665675.75
3815,-665675.69
3816,-665675.56
3817,-665675.5
3818,-665675.38
3819,-665675.25
3820,-665675.12
3821,-665675.06
3822,-665674.94
3823,-665674.81
3824,-665674.75
3825,-665674.62
3826,-665674.56
3827,-665674.5
3828,-665674.38
3829,-665674.31
3830,-665674.19
3831,-665674.06
3832,-665673.94
3833,-665673.81
3834,-665673.75
3835,-665673.69
3836,-665673.62
3837,-665673.5
3838,-665673.44
3839,-665673.25
3840,-665673.19
3841,-665673.06
3842,-665672.94
3843,-665672.81
3844,-665672.81
3845,-665672.69
3846,-665672.62
3847,-665672.56
3848,-665672.38
3849,-665672.31
3850,-665672.19
3851,-665672.06
3852,-665672.0
3853,-665671.88
3854,-665671.81
3855,-665671.75
3856,-665671.62
3857,-665671.56
3858,-665671.44
3859,-665671.31
3860,-665671.19
3861,-665671.12
3862,-665671.0
3863,-665670.94
3864,-665670.81
3865,-665670.75
3866,-665670.62
3867,-665670.56
3868,-665670.5
3869,-665670.38
3870,-665670.25
3871,-665670.19
3872,-665670.06
3873,-665669.94
3874,-665669.81
3875,-665669.75
3876,-665669.69
3877,-665669.56
3878,-665669.5
3879,-665669.38
3880,-665669.25
3881,-665669.12
3882,-665669.06
3883,-665668.94
3884,-665668.81
3885,-665668.75
3886,-665668.62
3887,-665668.56
3888,-665668.5
3889,-665668.38
3890,-665668.25
3891,-665668.19
3892,-665668.06
3893,-665667.94
3894,-665667.88
3895,-665667.75
3896,-665667.69
3897,-665667.62
3898,-665667.56
3899,-665667.38
3900,-665667.25
3901,-665667.19
3902,-665667.06
3903,-665666.94
3904,-665666.88
3905,-665666.75
3906,-665666.75
3907,-665666.62
3908,-665666.56
3909,-665666.38
3910,-665666.31
3911,-665666.19
3912,-665666.06
3913,-665666.0
3914,-665665.88
3915,-665665.81
3916,-665665.75
3917,-665665.62
3918,-665665.56
3919,-665665.44
3920,-665665.31
3921,-665665.19
3922,-665665.12
3923,-665665.06
3924,-665664.94
3925,-665664.81
3926,-665664.75
3927,-665664.62
3928,-665664.56
3929,-665664.5
3930,-665664.38
3931,-665664.25
3932,-665664.19
3933,-665664.0
3934,-665663.94
3935,-665663.81
3936,-665663.75
3937,-665663.69
3938,-665663.62
3939,-665663.5
3940,-665663.44
3941,-665663.25
3942,-665663.12
3943,-665663.06
3944,-665662.94
3945,-665662.81
3946,-665662.75
3947,-665662.62
3948,-665662.62
3949,-665662.5
3950,-665662.38
3951,-665662.25
3952,-665662.19
3953,-665662.06
3954,-665661.94
3955,-665661.88
3956,-665661.81
3957,-665661.75
3958,-665661.62
3959,-665661.56
3960,-665661.44
3961,-665661.25
3962,-665661.19
3963,-665661.06
3964,-665661.0
3965,-665660.88
3966,-665660.75
3967,-665660.75
3968,-665660.62
3969,-665660.5
3970,-665660.44
3971,-665660.31
3972,-665660.19
3973,-665660.06
3974,-665660.0
3975,-665659.88
3976,-665659.81
3977,-665659.75
3978,-665659.62
3979,-665659.56
3980,-665659.5
3981,-665659.38
3982,-665659.25
3983,-665659.12
3984,-665659.06
3985,-665658.94
3986,-665658.81
3987,-665658.75
3988,-665658.62
3989,-665658.56
3990,-665658.5
3991,-665658.38
3992,-665658.25
3993,-665658.19
3994,-665658.06
3995,-665657.94
3996,-665657.88
3997,-665657.75
3998,-665657.69
3999,-665657.62
