-1,-665809.5
0,-665740.94
1,-665692.44
2,-665652.75
3,-665618.38
4,-665587.69
5,-665559.62
6,-665533.69
7,-665509.38
8,-665486.5
9,-665464.75
10,-665444.0
11,-665424.19
12,-665405.12
13,-665386.75
14,-665368.94
15,-665351.75
16,-665335.06
17,-665318.88
18,-665303.12
19,-665287.69
20,-665272.75
21,-665258.06
22,-665243.69
23,-665229.69
24,-665215.94
25,-665202.38
26,-665189.12
27,-665176.06
28,-665163.38
29,-665150.81
30,-665138.38
31,-665126.25
32,-665114.25
33,-665102.44
34,-665090.81
35,-665079.38
36,-665068.0
37,-665056.88
38,-665045.81
39,-665034.94
40,-665024.19
41,-665013.56
42,-665003.06
43,-664992.75
44,-664982.38
45,-664972.25
46,-664962.19
47,-664952.25
48,-664942.38
49,-664932.62
50,-664923.0
51,-664913.5
52,-664904.0
53,-664894.62
54,-664885.31
55,-664876.12
56,-664867.06
57,-664857.94
58,-664848.94
59,-664840.06
60,-664831.19
61,-664822.5
62,-664813.75
63,-664805.12
64,-664796.62
65,-664788.19
66,-664779.75
67,-664771.38
68,-664763.06
69,-664754.81
70,-664746.62
71,-664738.5
72,-664730.38
73,-664722.38
74,-664714.44
75,-664706.5
76,-664698.75
77,-664690.88
78,-664683.12
79,-664675.38
80,-664667.75
81,-664660.06
82,-664652.56
83,-664645.06
84,-664637.5
85,-664630.06
86,-664622.75
87,-664615.25
88,-664608.06
89,-664600.81
90,-664593.5
91,-664586.31
92,-664579.19
93,-664572.06
94,-664564.94
95,-664557.94
96,-664550.94
97,-664544.0
98,-664537.06
99,-664530.19
100,-664523.25
101,-664516.44
102,-664509.62
103,-664502.88
104,-664496.19
105,-664489.44
106,-664482.75
107,-664476.19
108,-664469.5
109,-664462.94
110,-664456.38
111,-664449.88
112,-664443.38
113,-664436.88
114,-664430.5
115,-664424.0
116,-664417.69
117,-664411.31
118,-664404.94
119,-664398.62
120,-664392.38
121,-664386.19
122,-664379.94
123,-664373.69
124,-664367.5
125,-664361.38
126,-664355.25
127,-664349.19
128,-664343.06
129,-664337.0
130,-664331.0
131,-664324.94
132,-664318.94
133,-664313.0
134,-664307.06
135,-664301.19
136,-664295.25
137,-664289.38
138,-664283.5
139,-664277.62
140,-664271.75
141,-664266.0
142,-664260.31
143,-664254.56
144,-664248.75
145,-664243.06
146,-664237.38
147,-664231.62
148,-664226.0
149,-664220.38
150,-664214.75
151,-664209.06
152,-664203.5
153,-664197.94
154,-664192.38
155,-664186.88
156,-664181.38
157,-664175.81
158,-664170.38
159,-664164.88
160,-664159.44
161,-664154.0
162,-664148.56
163,-664143.19
164,-664137.81
165,-664132.44
166,-664127.06
167,-664121.75
168,-664116.38
169,-664111.19
170,-664105.81
171,-664100.56
172,-664095.25
173,-664090.06
174,-664084.81
175,-664079.62
176,-664074.5
177,-664069.25
178,-664064.06
179,-664058.88
180,-664053.75
181,-664048.62
182,-664043.5
183,-664038.44
184,-664033.38
185,-664028.25
186,-664023.12
187,-664018.19
188,-664013.12
189,-664008.12
190,-664003.06
191,-663998.06
192,-663993.12
193,-663988.12
194,-663983.19
195,-663978.25
196,-663973.25
197,-663968.38
198,-663963.5
199,-663958.62
200,-663953.75
201,-663948.81
202,-663944.0
203,-663939.19
204,-663934.31
205,-663929.5
206,-663924.69
207,-663919.94
208,-663915.19
209,-663910.25
210,-663905.5
211,-663900.81
212,-663896.06
213,-663891.25
214,-663886.56
215,-663881.94
216,-663877.19
217,-663872.5
218,-663867.88
219,-663863.19
220,-663858.5
221,-663853.88
222,-663849.19
223,-663844.56
224,-663840.0
225,-663835.31
226,-663830.81
227,-663826.19
228,-663821.62
229,-663817.06
230,-663812.5
231,-663807.94
232,-663803.38
233,-663798.88
234,-663794.38
235,-663789.81
236,-663785.38
237,-663780.81
238,-663776.38
239,-663771.88
240,-663767.38
241,-663763.0
242,-663758.5
243,-663754.19
244,-663749.69
245,-663745.25
246,-663740.81
247,-663736.44
248,-663732.06
249,-663727.69
250,-663723.31
251,-663718.88
252,-663714.62
253,-663710.25
254,-663705.81
255,-663701.56
256,-663697.25
257,-663692.88
258,-663688.56
259,-663684.31
260,-663680.0
261,-663675.75
262,-663671.5
263,-663667.25
264,-663662.94
265,-663658.69
266,-663654.5
267,-663650.25
268,-663645.94
269,-663641.81
270,-663637.56
271,-663633.38
272,-663629.25
273,-663624.94
274,-663620.81
275,-663616.62
276,-663612.5
277,-663608.38
278,-663604.19
279,-663600.0
280,-663595.88
281,-663591.75
282,-663587.62
283,-663583.5
284,-663579.44
285,-663575.38
286,-663571.25
287,-663567.12
288,-663563.06
289,-663558.94
290,-663554.94
291,-663550.88
292,-663546.75
293,-663542.75
294,-663538.75
295,-663534.75
296,-663530.62
297,-663526.62
298,-663522.62
299,-663518.62
300,-663514.62
301,-663510.62
302,-663506.62
303,-663502.69
304,-663498.75
305,-663494.75
306,-663490.81
307,-663486.81
308,-663482.88
309,-663478.94
310,-663474.94
311,-663471.06
312,-663467.12
313,-663463.19
314,-663459.31
315,-663455.5
316,-663451.62
317,-663447.69
318,-663443.75
319,-663439.81
320,-663436.0
321,-663432.12
322,-663428.25
323,-663424.44
324,-663420.62
325,-663416.75
326,-663412.88
327,-663409.06
328,-663405.19
329,-663401.38
330,-663397.62
331,-663393.81
332,-663390.0
333,-663386.19
334,-663382.38
335,-663378.62
336,-663374.81
337,-663371.06
338,-663367.25
339,-663363.5
340,-663359.75
341,-663356.06
342,-663352.31
343,-663348.5
344,-663344.81
345,-663341.06
346,-663337.38
347,-663333.62
348,-663329.94
349,-663326.19
350,-663322.5
351,-663318.81
352,-663315.12
353,-663311.38
354,-663307.69
355,-663304.06
356,-663300.38
357,-663296.69
358,-663293.06
359,-663289.38
360,-663285.69
361,-663282.06
362,-663278.38
363,-663274.75
364,-663271.19
365,-663267.5
366,-663263.94
367,-663260.31
368,-663256.62
369,-663253.06
370,-663249.44
371,-663245.81
372,-663242.25
373,-663238.62
374,-663235.06
375,-663231.5
376,-663227.88
377,-663224.38
378,-663220.75
379,-663217.19
380,-663213.62
381,-663210.12
382,-663206.5
383,-663203.0
384,-663199.44
385,-663195.94
386,-663192.38
387,-663188.81
388,-663185.25
389,-663181.81
390,-663178.31
391,-663174.81
392,-663171.25
393,-663167.81
394,-663164.25
395,-663160.81
396,-663157.25
397,-663153.81
398,-663150.38
399,-663146.88
400,-663143.38
401,-663139.94
402,-663136.5
403,-663133.0
404,-663129.56
405,-663126.19
406,-663122.75
407,-663119.25
408,-663115.81
409,-663112.38
410,-663108.94
411,-663105.44
412,-663102.12
413,-663098.75
414,-663095.25
415,-663091.94
416,-663088.44
417,-663085.06
418,-663081.69
419,-663078.31
420,-663074.88
421,-663071.5
422,-663068.19
423,-663064.81
424,-663061.38
425,-663058.06
426,-663054.62
427,-663051.25
428,-663048.0
429,-663044.62
430,-663041.19
431,-663037.94
432,-663034.56
433,-663031.19
434,-663027.94
435,-663024.56
436,-663021.19
437,-663017.94
438,-663014.56
439,-663011.25
440,-663008.0
441,-663004.62
442,-663001.38
443,-662998.06
444,-662994.81
445,-662991.38
446,-662988.19
447,-662984.88
448,-662981.62
449,-662978.31
450,-662975.12
451,-662971.75
452,-662968.5
453,-662965.25
454,-662962.0
455,-662958.75
456,-662955.44
457,-662952.25
458,-662948.94
459,-662945.75
460,-662942.56
461,-662939.25
462,-662936.0
463,-662932.81
464,-662929.56
465,-662926.38
466,-662923.19
467,-662919.94
468,-662916.75
469,-662913.5
470,-662910.31
471,-662907.06
472,-662903.94
473,-662900.75
474,-662897.5
475,-662894.25
476,-662891.12
477,-662888.0
478,-662884.81
479,-662881.69
480,-662878.5
481,-662875.25
482,-662872.06
483,-662868.94
484,-662865.81
485,-662862.62
486,-662859.44
487,-662856.31
488,-662853.19
489,-662850.06
490,-662846.94
491,-662843.81
492,-662840.62
493,-662837.44
494,-662834.31
495,-662831.19
496,-662828.19
497,-662825.06
498,-662821.94
499,-662818.81
500,-662815.69
501,-662812.56
502,-662809.44
503,-662806.31
504,-662803.25
505,-662800.25
506,-662797.12
507,-662794.06
508,-662790.94
509,-662787.81
510,-662784.75
511,-662781.69
512,-662778.62
513,-662775.5
514,-662772.38
515,-662769.38
516,-662766.31
517,-662763.25
518,-662760.25
519,-662757.19
520,-662754.19
521,-662751.12
522,-662748.06
523,-662745.06
524,-662741.94
525,-662738.94
526,-662735.94
527,-662732.88
528,-662729.81
529,-662726.81
530,-662723.81
531,-662720.81
532,-662717.81
533,-662714.81
534,-662711.75
535,-662708.81
536,-662705.75
537,-662702.75
538,-662699.75
539,-662696.75
540,-662693.75
541,-662690.81
542,-662687.75
543,-662684.81
544,-662681.81
545,-662678.81
546,-662675.94
547,-662672.88
548,-662669.94
549,-662666.94
550,-662663.94
551,-662661.0
552,-662658.0
553,-662655.06
554,-662652.12
555,-662649.19
556,-662646.25
557,-662643.25
558,-662640.31
559,-662637.38
560,-662634.44
561,-662631.5
562,-662628.56
563,-662625.62
564,-662622.69
565,-662619.75
566,-662616.88
567,-662613.94
568,-662611.06
569,-662608.06
570,-662605.19
571,-662602.31
572,-662599.38
573,-662596.44
574,-662593.5
575,-662590.62
576,-662587.75
577,-662584.81
578,-662581.94
579,-662579.06
580,-662576.19
581,-662573.31
582,-662570.38
583,-662567.56
584,-662564.62
585,-662561.75
586,-662558.88
587,-662556.0
588,-662553.12
589,-662550.25
590,-662547.38
591,-662544.56
592,-662541.62
593,-662538.81
594,-662535.94
595,-662533.12
596,-662530.25
597,-662527.38
598,-662524.56
599,-662521.75
600,-662518.88
601,-662516.0
602,-662513.19
603,-662510.31
604,-662507.5
605,-662504.69
606,-662501.81
607,-662499.06
608,-662496.19
609,-662493.38
610,-662490.56
611,-662487.75
612,-662484.94
613,-662482.19
614,-662479.31
615,-662476.5
616,-662473.75
617,-662470.88
618,-662468.06
619,-662465.25
620,-662462.5
621,-662459.69
622,-662456.94
623,-662454.19
624,-662451.31
625,-662448.56
626,-662445.81
627,-662443.06
628,-662440.25
629,-662437.44
630,-662434.69
631,-662431.94
632,-662429.06
633,-662426.31
634,-662423.56
635,-662420.81
636,-662418.0
637,-662415.25
638,-662412.5
639,-662409.81
640,-662407.06
641,-662404.31
642,-662401.56
643,-662398.81
644,-662396.06
645,-662393.25
646,-662390.56
647,-662387.81
648,-662385.06
649,-662382.25
650,-662379.56
651,-662376.88
652,-662374.12
653,-662371.38
654,-662368.75
655,-662365.94
656,-662363.19
657,-662360.56
658,-662357.81
659,-662355.12
660,-662352.38
661,-662349.69
662,-662346.94
663,-662344.25
664,-662341.56
665,-662338.88
666,-662336.19
667,-662333.38
668,-662330.75
669,-662328.06
670,-662325.38
671,-662322.69
672,-662320.0
673,-662317.38
674,-662314.62
675,-662311.94
676,-662309.25
677,-662306.56
678,-662303.94
679,-662301.25
680,-662298.5
681,-662295.81
682,-662293.19
683,-662290.5
684,-662287.81
685,-662285.19
686,-662282.56
687,-662279.88
688,-662277.25
689,-662274.62
690,-662271.94
691,-662269.25
692,-662266.62
693,-662264.06
694,-662261.31
695,-662258.75
696,-662256.06
697,-662253.38
698,-662250.75
699,-662248.12
700,-662245.44
701,-662242.81
702,-662240.19
703,-662237.62
704,-662234.94
705,-662232.31
706,-662229.75
707,-662227.06
708,-662224.5
709,-662221.88
710,-662219.25
711,-662216.62
712,-662214.06
713,-662211.38
714,-662208.81
715,-662206.19
716,-662203.56
717,-662200.94
718,-662198.31
719,-662195.81
720,-662193.12
721,-662190.56
722,-662188.0
723,-662185.31
724,-662182.81
725,-662180.19
726,-662177.69
727,-662175.06
728,-662172.5
729,-662169.88
730,-662167.19
731,-662164.75
732,-662162.06
733,-662159.62
734,-662156.94
735,-662154.38
736,-662151.81
737,-662149.19
738,-662146.69
739,-662144.06
740,-662141.62
741,-662138.94
742,-662136.5
743,-662133.94
744,-662131.31
745,-662128.81
746,-662126.25
747,-662123.69
748,-662121.12
749,-662118.56
750,-662116.0
751,-662113.44
752,-662110.94
753,-662108.38
754,-662105.81
755,-662103.25
756,-662100.75
757,-662098.19
758,-662095.69
759,-662093.19
760,-662090.62
761,-662088.06
762,-662085.56
763,-662083.06
764,-662080.5
765,-662078.0
766,-662075.5
767,-662072.94
768,-662070.44
769,-662067.94
770,-662065.44
771,-662062.88
772,-662060.38
773,-662057.81
774,-662055.38
775,-662052.81
776,-662050.31
777,-662047.81
778,-662045.25
779,-662042.81
780,-662040.31
781,-662037.81
782,-662035.38
783,-662032.88
784,-662030.38
785,-662027.94
786,-662025.38
787,-662022.94
788,-662020.38
789,-662017.94
790,-662015.44
791,-662013.0
792,-662010.5
793,-662008.06
794,-662005.5
795,-662003.06
796,-662000.5
797,-661998.06
798,-661995.56
799,-661993.12
800,-661990.62
801,-661988.19
802,-661985.75
803,-661983.25
804,-661980.88
805,-661978.38
806,-661975.94
807,-661973.44
808,-661971.06
809,-661968.56
810,-661966.19
811,-661963.62
812,-661961.19
813,-661958.75
814,-661956.31
815,-661953.81
816,-661951.38
817,-661948.94
818,-661946.5
819,-661944.06
820,-661941.62
821,-661939.19
822,-661936.75
823,-661934.31
824,-661931.94
825,-661929.44
826,-661927.06
827,-661924.62
828,-661922.19
829,-661919.75
830,-661917.38
831,-661914.94
832,-661912.5
833,-661910.12
834,-661907.62
835,-661905.25
836,-661902.81
837,-661900.38
838,-661898.0
839,-661895.62
840,-661893.19
841,-661890.75
842,-661888.38
843,-661885.94
844,-661883.5
845,-661881.19
846,-661878.75
847,-661876.38
848,-661873.94
849,-661871.5
850,-661869.19
851,-661866.81
852,-661864.38
853,-661862.0
854,-661859.62
855,-661857.19
856,-661854.81
857,-661852.44
858,-661850.0
859,-661847.69
860,-661845.25
861,-661842.88
862,-661840.5
863,-661838.06
864,-661835.75
865,-661833.38
866,-661830.94
867,-661828.62
868,-661826.25
869,-661823.81
870,-661821.5
871,-661819.12
872,-661816.81
873,-661814.44
874,-661812.06
875,-661809.75
876,-661807.38
877,-661805.0
878,-661802.62
879,-661800.25
880,-661797.94
881,-661795.56
882,-661793.19
883,-661790.81
884,-661788.5
885,-661786.19
886,-661783.81
887,-661781.44
888,-661779.06
889,-661776.75
890,-661774.38
891,-661772.06
892,-661769.69
893,-661767.38
894,-661765.06
895,-661762.75
896,-661760.38
897,-661758.06
898,-661755.75
899,-661753.38
900,-661751.12
901,-661748.75
902,-661746.5
903,-661744.12
904,-661741.81
905,-661739.44
906,-661737.12
907,-661734.81
908,-661732.5
909,-661730.19
910,-661727.81
911,-661725.5
912,-661723.25
913,-661720.81
914,-661718.62
915,-661716.25
916,-661713.94
917,-661711.62
918,-661709.25
919,-661707.06
920,-661704.75
921,-661702.38
922,-661700.12
923,-661697.81
924,-661695.5
925,-661693.25
926,-661691.0
927,-661688.75
928,-661686.31
929,-661684.06
930,-661681.75
931,-661679.5
932,-661677.19
933,-661674.94
934,-661672.62
935,-661670.31
936,-661668.06
937,-661665.75
938,-661663.44
939,-661661.19
940,-661658.88
941,-661656.62
942,-661654.25
943,-661652.06
944,-661649.75
945,-661647.5
946,-661645.19
947,-661642.94
948,-661640.62
949,-661638.38
950,-661636.19
951,-661633.88
952,-661631.62
953,-661629.38
954,-661627.06
955,-661624.81
956,-661622.62
957,-661620.38
958,-661618.06
959,-661615.81
960,-661613.5
961,-661611.25
962,-661609.06
963,-661606.75
964,-661604.56
965,-661602.25
966,-661600.06
967,-661597.69
968,-661595.5
969,-661593.25
970,-661591.0
971,-661588.69
972,-661586.5
973,-661584.25
974,-661582.0
975,-661579.75
976,-661577.5
977,-661575.25
978,-661573.06
979,-661570.81
980,-661568.62
981,-661566.38
982,-661564.19
983,-661561.94
984,-661559.69
985,-661557.5
986,-661555.25
987,-661553.06
988,-661550.81
989,-661548.56
990,-661546.31
991,-661544.19
992,-661541.94
993,-661539.69
994,-661537.44
995,-661535.25
996,-661532.94
997,-661530.75
998,-661528.56
999,-661526.31
1000,-661524.12
1001,-661521.94
1002,-661519.69
1003,-661517.5
1004,-661515.25
1005,-661513.12
1006,-661510.81
1007,-661508.69
1008,-661506.5
1009,-661504.31
1010,-661502.06
1011,-661499.94
1012,-661497.69
1013,-661495.5
1014,-661493.25
1015,-661491.12
1016,-661488.94
1017,-661486.69
1018,-661484.56
1019,-661482.31
1020,-661480.19
1021,-661477.94
1022,-661475.75
1023,-661473.56
1024,-661471.38
1025,-661469.12
1026,-661467.0
1027,-661464.81
1028,-661462.62
1029,-661460.38
1030,-661458.25
1031,-661456.06
1032,-661453.81
1033,-661451.69
1034,-661449.44
1035,-661447.31
1036,-661445.19
1037,-661443.0
1038,-661440.81
1039,-661438.75
1040,-661436.5
1041,-661434.31
1042,-661432.19
1043,-661430.0
1044,-661427.81
1045,-661425.69
1046,-661423.56
1047,-661421.38
1048,-661419.19
1049,-661417.06
1050,-661414.88
1051,-661412.75
1052,-661410.56
1053,-661408.38
1054,-661406.25
1055,-661404.12
1056,-661401.88
1057,-661399.75
1058,-661397.62
1059,-661395.44
1060,-661393.31
1061,-661391.12
1062,-661389.0
1063,-661386.81
1064,-661384.69
1065,-661382.5
1066,-661380.38
1067,-661378.31
1068,-661376.19
1069,-661373.94
1070,-661371.81
1071,-661369.69
1072,-661367.5
1073,-661365.44
1074,-661363.31
1075,-661361.19
1076,-661359.06
1077,-661356.88
1078,-661354.81
1079,-661352.62
1080,-661350.5
1081,-661348.38
1082,-661346.25
1083,-661344.19
1084,-661342.06
1085,-661339.88
1086,-661337.69
1087,-661335.62
1088,-661333.5
1089,-661331.38
1090,-661329.31
1091,-661327.19
1092,-661325.06
1093,-661322.88
1094,-661320.75
1095,-661318.56
1096,-661316.5
1097,-661314.38
1098,-661312.31
1099,-661310.19
1100,-661308.06
1101,-661305.94
1102,-661303.75
1103,-661301.69
1104,-661299.62
1105,-661297.5
1106,-661295.44
1107,-661293.38
1108,-661291.25
1109,-661289.12
1110,-661287.06
1111,-661284.94
1112,-661282.81
1113,-661280.75
1114,-661278.62
1115,-661276.56
1116,-661274.5
1117,-661272.38
1118,-661270.25
1119,-661268.19
1120,-661266.06
1121,-661264.0
1122,-661261.81
1123,-661259.75
1124,-661257.69
1125,-661255.62
1126,-661253.5
1127,-661251.44
1128,-661249.31
1129,-661247.25
1130,-661245.12
1131,-661243.06
1132,-661240.94
1133,-661238.81
1134,-661236.81
1135,-661234.75
1136,-661232.62
1137,-661230.56
1138,-661228.5
1139,-661226.38
1140,-661224.31
1141,-661222.25
1142,-661220.19
1143,-661218.06
1144,-661216.06
1145,-661214.06
1146,-661211.94
1147,-661209.88
1148,-661207.81
1149,-661205.75
1150,-661203.69
1151,-661201.69
1152,-661199.62
1153,-661197.5
1154,-661195.44
1155,-661193.31
1156,-661191.25
1157,-661189.19
1158,-661187.19
1159,-661185.12
1160,-661183.06
1161,-661181.0
1162,-661178.94
1163,-661176.81
1164,-661174.81
1165,-661172.75
1166,-661170.75
1167,-661168.62
1168,-661166.62
1169,-661164.56
1170,-661162.5
1171,-661160.38
1172,-661158.38
1173,-661156.31
1174,-661154.25
1175,-661152.19
1176,-661150.19
1177,-661148.06
1178,-661146.06
1179,-661144.06
1180,-661142.06
1181,-661140.0
1182,-661137.94
1183,-661135.94
1184,-661133.94
1185,-661131.94
1186,-661129.81
1187,-661127.81
1188,-661125.81
1189,-661123.75
1190,-661121.75
1191,-661119.75
1192,-661117.75
1193,-661115.69
1194,-661113.62
1195,-661111.62
1196,-661109.62
1197,-661107.62
1198,-661105.56
1199,-661103.5
1200,-661101.44
1201,-661099.44
1202,-661097.38
1203,-661095.31
1204,-661093.25
1205,-661091.25
1206,-661089.25
1207,-661087.19
1208,-661085.19
1209,-661083.19
1210,-661081.12
1211,-661079.12
1212,-661077.12
1213,-661075.06
1214,-661073.12
1215,-661071.06
1216,-661069.06
1217,-661067.06
1218,-661065.06
1219,-661063.12
1220,-661061.12
1221,-661059.06
1222,-661057.12
1223,-661055.06
1224,-661053.06
1225,-661051.12
1226,-661049.12
1227,-661047.12
1228,-661045.06
1229,-661043.12
1230,-661041.06
1231,-661039.06
1232,-661037.12
1233,-661035.06
1234,-661033.12
1235,-661031.12
1236,-661029.12
1237,-661027.12
1238,-661025.12
1239,-661023.12
1240,-661021.12
1241,-661019.12
1242,-661017.12
1243,-661015.12
1244,-661013.12
1245,-661011.12
1246,-661009.19
1247,-661007.19
1248,-661005.19
1249,-661003.19
1250,-661001.25
1251,-660999.25
1252,-660997.19
1253,-660995.25
1254,-660993.25
1255,-660991.25
1256,-660989.25
1257,-660987.31
1258,-660985.38
1259,-660983.38
1260,-660981.44
1261,-660979.44
1262,-660977.44
1263,-660975.5
1264,-660973.56
1265,-660971.56
1266,-660969.62
1267,-660967.62
1268,-660965.69
1269,-660963.75
1270,-660961.75
1271,-660959.81
1272,-660957.81
1273,-660955.88
1274,-660953.94
1275,-660951.94
1276,-660949.94
1277,-660948.0
1278,-660946.06
1279,-660944.06
1280,-660942.06
1281,-660940.19
1282,-660938.19
1283,-660936.19
1284,-660934.25
1285,-660932.31
1286,-660930.31
1287,-660928.38
1288,-660926.44
1289,-660924.5
1290,-660922.5
1291,-660920.5
1292,-660918.56
1293,-660916.56
1294,-660914.62
1295,-660912.62
1296,-660910.69
1297,-660908.75
1298,-660906.81
1299,-660904.94
1300,-660902.94
1301,-660901.0
1302,-660899.06
1303,-660897.19
1304,-660895.19
1305,-660893.25
1306,-660891.31
1307,-660889.38
1308,-660887.5
1309,-660885.5
1310,-660883.62
1311,-660881.69
1312,-660879.75
1313,-660877.81
1314,-660875.88
1315,-660873.94
1316,-660872.0
1317,-660870.0
1318,-660868.12
1319,-660866.19
1320,-660864.25
1321,-660862.31
1322,-660860.38
1323,-660858.5
1324,-660856.5
1325,-660854.56
1326,-660852.75
1327,-660850.75
1328,-660848.81
1329,-660846.88
1330,-660844.94
1331,-660842.94
1332,-660841.06
1333,-660839.12
1334,-660837.19
1335,-660835.25
1336,-660833.38
1337,-660831.44
1338,-660829.5
1339,-660827.62
1340,-660825.69
1341,-660823.75
1342,-660821.81
1343,-660819.94
1344,-660818.0
1345,-660816.06
1346,-660814.19
1347,-660812.25
1348,-660810.38
1349,-660808.44
1350,-660806.56
1351,-660804.62
1352,-660802.75
1353,-660800.88
1354,-660798.94
1355,-660797.06
1356,-660795.19
1357,-660793.25
1358,-660791.38
1359,-660789.44
1360,-660787.5
1361,-660785.62
1362,-660783.75
1363,-660781.88
1364,-660780.0
1365,-660778.0
1366,-660776.19
1367,-660774.25
1368,-660772.38
1369,-660770.38
1370,-660768.5
1371,-660766.62
1372,-660764.75
1373,-660762.88
1374,-660760.94
1375,-660759.06
1376,-660757.19
1377,-660755.25
1378,-660753.38
1379,-660751.44
1380,-660749.5
1381,-660747.69
1382,-660745.75
1383,-660743.81
1384,-660741.94
1385,-660740.06
1386,-660738.19
1387,-660736.31
1388,-660734.44
1389,-660732.5
1390,-660730.62
1391,-660728.75
1392,-660726.81
1393,-660724.94
1394,-660723.06
1395,-660721.25
1396,-660719.44
1397,-660717.5
1398,-660715.62
1399,-660713.75
1400,-660711.88
1401,-660709.94
1402,-660708.19
1403,-660706.31
1404,-660704.38
1405,-660702.56
1406,-660700.62
1407,-660698.81
1408,-660696.94
1409,-660695.06
1410,-660693.19
1411,-660691.38
1412,-660689.5
1413,-660687.62
1414,-660685.75
1415,-660683.81
1416,-660682.0
1417,-660680.12
1418,-660678.31
1419,-660676.38
1420,-660674.56
1421,-660672.69
1422,-660670.75
1423,-660668.94
1424,-660667.06
1425,-660665.19
1426,-660663.38
1427,-660661.44
1428,-660659.62
1429,-660657.75
1430,-660655.81
1431,-660654.0
1432,-660652.12
1433,-660650.25
1434,-660648.38
1435,-660646.56
1436,-660644.69
1437,-660642.81
1438,-660640.94
1439,-660639.06
1440,-660637.31
1441,-660635.44
1442,-660633.56
1443,-660631.75
1444,-660629.81
1445,-660627.94
1446,-660626.19
1447,-660624.31
1448,-660622.5
1449,-660620.62
1450,-660618.81
1451,-660616.94
1452,-660615.12
1453,-660613.31
1454,-660611.44
1455,-660609.69
1456,-660607.75
1457,-660605.94
1458,-660604.06
1459,-660602.31
1460,-660600.5
1461,-660598.62
1462,-660596.75
1463,-660594.88
1464,-660593.06
1465,-660591.25
1466,-660589.5
1467,-660587.62
1468,-660585.75
1469,-660583.88
1470,-660582.06
1471,-660580.31
1472,-660578.44
1473,-660576.62
1474,-660574.75
1475,-660572.94
1476,-660571.06
1477,-660569.25
1478,-660567.5
1479,-660565.62
1480,-660563.75
1481,-660561.94
1482,-660560.12
1483,-660558.31
1484,-660556.5
1485,-660554.62
1486,-660552.75
1487,-660550.94
1488,-660549.12
1489,-660547.25
1490,-660545.44
1491,-660543.62
1492,-660541.75
1493,-660540.0
1494,-660538.25
1495,-660536.31
1496,-660534.5
1497,-660532.62
1498,-660530.94
1499,-660529.12
1500,-660527.25
1501,-660525.44
1502,-660523.62
1503,-660521.81
1504,-660520.06
1505,-660518.25
1506,-660516.38
1507,-660514.62
1508,-660512.81
1509,-660511.06
1510,-660509.19
1511,-660507.38
1512,-660505.56
1513,-660503.81
1514,-660502.06
1515,-660500.25
1516,-660498.38
1517,-660496.56
1518,-660494.81
1519,-660493.06
1520,-660491.25
1521,-660489.38
1522,-660487.56
1523,-660485.75
1524,-660484.0
1525,-660482.19
1526,-660480.38
1527,-660478.56
1528,-660476.75
1529,-660475.06
1530,-660473.25
1531,-660471.38
1532,-660469.5
1533,-660467.75
1534,-660466.0
1535,-660464.25
1536,-660462.38
1537,-660460.56
1538,-660458.75
1539,-660456.94
1540,-660455.19
1541,-660453.38
1542,-660451.5
1543,-660449.75
1544,-660448.0
1545,-660446.25
1546,-660444.38
1547,-660442.5
1548,-660440.81
1549,-660439.06
1550,-660437.25
1551,-660435.44
1552,-660433.56
1553,-660431.81
1554,-660430.06
1555,-660428.31
1556,-660426.5
1557,-660424.75
1558,-660422.94
1559,-660421.25
1560,-660419.38
1561,-660417.62
1562,-660415.81
1563,-660414.06
1564,-660412.31
1565,-660410.5
1566,-660408.81
1567,-660407.06
1568,-660405.25
1569,-660403.44
1570,-660401.69
1571,-660399.94
1572,-660398.19
1573,-660396.38
1574,-660394.62
1575,-660392.81
1576,-660391.06
1577,-660389.31
1578,-660387.56
1579,-660385.81
1580,-660384.0
1581,-660382.19
1582,-660380.5
1583,-660378.69
1584,-660376.94
1585,-660375.12
1586,-660373.38
1587,-660371.62
1588,-660369.88
1589,-660368.06
1590,-660366.25
1591,-660364.56
1592,-660362.75
1593,-660361.0
1594,-660359.19
1595,-660357.44
1596,-660355.75
1597,-660353.94
1598,-660352.19
1599,-660350.38
1600,-660348.62
1601,-660346.81
1602,-660345.12
1603,-660343.38
1604,-660341.62
1605,-660339.81
1606,-660338.0
1607,-660336.31
1608,-660334.5
1609,-660332.75
1610,-660330.94
1611,-660329.25
1612,-660327.5
1613,-660325.75
1614,-660324.0
1615,-660322.25
1616,-660320.5
1617,-660318.75
1618,-660316.94
1619,-660315.25
1620,-660313.5
1621,-660311.75
1622,-660310.0
1623,-660308.25
1624,-660306.56
1625,-660304.81
1626,-660303.06
1627,-660301.38
1628,-660299.62
1629,-660297.81
1630,-660296.19
1631,-660294.38
1632,-660292.62
1633,-660290.88
1634,-660289.19
1635,-660287.44
1636,-660285.69
1637,-660284.0
1638,-660282.25
1639,-660280.5
1640,-660278.75
1641,-660277.06
1642,-660275.25
1643,-660273.5
1644,-660271.81
1645,-660270.06
1646,-660268.31
1647,-660266.56
1648,-660264.88
1649,-660263.12
1650,-660261.44
1651,-660259.62
1652,-660257.94
1653,-660256.19
1654,-660254.5
1655,-660252.75
1656,-660250.94
1657,-660249.25
1658,-660247.5
1659,-660245.75
1660,-660244.0
1661,-660242.31
1662,-660240.56
1663,-660238.88
1664,-660237.06
1665,-660235.38
1666,-660233.62
1667,-660231.94
1668,-660230.19
1669,-660228.44
1670,-660226.75
1671,-660224.94
1672,-660223.25
1673,-660221.5
1674,-660219.75
1675,-660218.06
1676,-660216.38
1677,-660214.62
1678,-660212.88
1679,-660211.25
1680,-660209.5
1681,-660207.75
1682,-660206.06
1683,-660204.38
1684,-660202.62
1685,-660200.94
1686,-660199.25
1687,-660197.5
1688,-660195.81
1689,-660194.12
1690,-660192.44
1691,-660190.75
1692,-660189.06
1693,-660187.25
1694,-660185.56
1695,-660183.88
1696,-660182.19
1697,-660180.5
1698,-660178.81
1699,-660177.06
1700,-660175.38
1701,-660173.69
1702,-660171.94
1703,-660170.25
1704,-660168.56
1705,-660166.88
1706,-660165.12
1707,-660163.44
1708,-660161.75
1709,-660160.0
1710,-660158.31
1711,-660156.62
1712,-660154.94
1713,-660153.19
1714,-660151.5
1715,-660149.81
1716,-660148.06
1717,-660146.38
1718,-660144.69
1719,-660142.94
1720,-660141.25
1721,-660139.62
1722,-660137.94
1723,-660136.19
1724,-660134.5
1725,-660132.81
1726,-660131.06
1727,-660129.38
1728,-660127.69
1729,-660125.94
1730,-660124.31
1731,-660122.56
1732,-660120.88
1733,-660119.19
1734,-660117.5
1735,-660115.75
1736,-660114.06
1737,-660112.38
1738,-660110.62
1739,-660108.94
1740,-660107.31
1741,-660105.62
1742,-660103.81
1743,-660102.25
1744,-660100.5
1745,-660098.81
1746,-660097.19
1747,-660095.5
1748,-660093.81
1749,-660092.12
1750,-660090.44
1751,-660088.75
1752,-660087.06
1753,-660085.44
1754,-660083.75
1755,-660082.06
1756,-660080.38
1757,-660078.75
1758,-660077.06
1759,-660075.38
1760,-660073.69
1761,-660072.0
1762,-660070.38
1763,-660068.69
1764,-660067.0
1765,-660065.38
1766,-660063.62
1767,-660061.94
1768,-660060.31
1769,-660058.62
1770,-660056.94
1771,-660055.31
1772,-660053.62
1773,-660051.94
1774,-660050.31
1775,-660048.62
1776,-660046.94
1777,-660045.25
1778,-660043.62
1779,-660041.94
1780,-660040.25
1781,-660038.56
1782,-660036.88
1783,-660035.25
1784,-660033.56
1785,-660031.94
1786,-660030.25
1787,-660028.56
1788,-660026.94
1789,-660025.25
1790,-660023.56
1791,-660021.94
1792,-660020.25
1793,-660018.56
1794,-660016.94
1795,-660015.19
1796,-660013.5
1797,-660011.94
1798,-660010.25
1799,-660008.5
1800,-660006.94
1801,-660005.19
1802,-660003.5
1803,-660001.88
1804,-660000.19
1805,-659998.56
1806,-659996.88
1807,-659995.19
1808,-659993.5
1809,-659991.94
1810,-659990.19
1811,-659988.5
1812,-659986.88
1813,-659985.25
1814,-659983.5
1815,-659981.94
1816,-659980.25
1817,-659978.62
1818,-659976.94
1819,-659975.25
1820,-659973.62
1821,-659972.06
1822,-659970.38
1823,-659968.75
1824,-659967.06
1825,-659965.38
1826,-659963.81
1827,-659962.12
1828,-659960.5
1829,-659958.88
1830,-659957.19
1831,-659955.56
1832,-659953.94
1833,-659952.31
1834,-659950.69
1835,-659949.06
1836,-659947.38
1837,-659945.75
1838,-659944.06
1839,-659942.5
1840,-659940.88
1841,-659939.19
1842,-659937.5
1843,-659935.94
1844,-659934.25
1845,-659932.62
1846,-659930.94
1847,-659929.38
1848,-659927.75
1849,-659926.06
1850,-659924.44
1851,-659922.88
1852,-659921.12
1853,-659919.5
1854,-659917.94
1855,-659916.31
1856,-659914.56
1857,-659912.94
1858,-659911.38
1859,-659909.75
1860,-659908.06
1861,-659906.38
1862,-659904.81
1863,-659903.12
1864,-659901.5
1865,-659899.88
1866,-659898.25
1867,-659896.62
1868,-659894.94
1869,-659893.38
1870,-659891.75
1871,-659890.06
1872,-659888.38
1873,-659886.81
1874,-659885.12
1875,-659883.5
1876,-659881.81
1877,-659880.25
1878,-659878.62
1879,-659876.94
1880,-659875.38
1881,-659873.75
1882,-659872.06
1883,-659870.38
1884,-659868.81
1885,-659867.19
1886,-659865.5
1887,-659863.94
1888,-659862.31
1889,-659860.69
1890,-659859.06
1891,-659857.44
1892,-659855.81
1893,-659854.19
1894,-659852.56
1895,-659850.94
1896,-659849.25
1897,-659847.69
1898,-659846.06
1899,-659844.5
1900,-659842.88
1901,-659841.25
1902,-659839.69
1903,-659838.0
1904,-659836.38
1905,-659834.81
1906,-659833.19
1907,-659831.62
1908,-659830.0
1909,-659828.38
1910,-659826.75
1911,-659825.12
1912,-659823.62
1913,-659821.94
1914,-659820.31
1915,-659818.75
1916,-659817.12
1917,-659815.5
1918,-659813.94
1919,-659812.31
1920,-659810.75
1921,-659809.06
1922,-659807.5
1923,-659805.94
1924,-659804.25
1925,-659802.75
1926,-659801.06
1927,-659799.5
1928,-659797.88
1929,-659796.25
1930,-659794.62
1931,-659793.06
1932,-659791.5
1933,-659789.88
1934,-659788.19
1935,-659786.62
1936,-659785.06
1937,-659783.44
1938,-659781.81
1939,-659780.19
1940,-659778.62
1941,-659777.0
1942,-659775.38
1943,-659773.81
1944,-659772.19
1945,-659770.56
1946,-659769.0
1947,-659767.38
1948,-659765.75
1949,-659764.12
1950,-659762.56
1951,-659760.94
1952,-659759.31
1953,-659757.75
1954,-659756.12
1955,-659754.56
1956,-659752.94
1957,-659751.25
1958,-659749.75
1959,-659748.12
1960,-659746.56
1961,-659744.94
1962,-659743.25
1963,-659741.75
1964,-659740.19
1965,-659738.56
1966,-659736.94
1967,-659735.25
1968,-659733.75
1969,-659732.12
1970,-659730.56
1971,-659728.94
1972,-659727.38
1973,-659725.75
1974,-659724.19
1975,-659722.62
1976,-659721.06
1977,-659719.44
1978,-659717.81
1979,-659716.25
1980,-659714.69
1981,-659713.12
1982,-659711.5
1983,-659709.94
1984,-659708.38
1985,-659706.81
1986,-659705.25
1987,-659703.69
1988,-659702.06
1989,-659700.5
1990,-659698.94
1991,-659697.38
1992,-659695.75
1993,-659694.19
1994,-659692.62
1995,-659691.06
1996,-659689.44
1997,-659687.81
1998,-659686.38
1999,-659684.75
2000,-659683.19
2001,-659681.62
2002,-659680.06
2003,-659678.5
2004,-659676.88
2005,-659675.25
2006,-659673.69
2007,-659672.19
2008,-659670.62
2009,-659669.06
2010,-659667.44
2011,-659665.81
2012,-659664.31
2013,-659662.75
2014,-659661.19
2015,-659659.62
2016,-659658.0
2017,-659656.38
2018,-659654.88
2019,-659653.31
2020,-659651.75
2021,-659650.19
2022,-659648.56
2023,-659647.06
2024,-659645.44
2025,-659643.81
2026,-659642.31
2027,-659640.69
2028,-659639.12
2029,-659637.62
2030,-659636.0
2031,-659634.38
2032,-659632.88
2033,-659631.31
2034,-659629.75
2035,-659628.19
2036,-659626.5
2037,-659625.06
2038,-659623.44
2039,-659621.81
2040,-659620.25
2041,-659618.75
2042,-659617.12
2043,-659615.56
2044,-659614.0
2045,-659612.44
2046,-659610.88
2047,-659609.25
2048,-659607.69
2049,-659606.19
2050,-659604.62
2051,-659603.06
2052,-659601.44
2053,-659599.94
2054,-659598.38
2055,-659596.75
2056,-659595.19
2057,-659593.69
2058,-659592.06
2059,-659590.5
2060,-659589.0
2061,-659587.44
2062,-659585.94
2063,-659584.31
2064,-659582.81
2065,-659581.19
2066,-659579.69
2067,-659578.06
2068,-659576.56
2069,-659575.06
2070,-659573.44
2071,-659571.94
2072,-659570.38
2073,-659568.88
2074,-659567.38
2075,-659565.75
2076,-659564.19
2077,-659562.75
2078,-659561.12
2079,-659559.62
2080,-659558.06
2081,-659556.5
2082,-659554.94
2083,-659553.44
2084,-659551.94
2085,-659550.38
2086,-659548.81
2087,-659547.25
2088,-659545.75
2089,-659544.19
2090,-659542.62
2091,-659541.12
2092,-659539.5
2093,-659538.06
2094,-659536.5
2095,-659534.94
2096,-659533.38
2097,-659531.94
2098,-659530.31
2099,-659528.81
2100,-659527.25
2101,-659525.69
2102,-659524.19
2103,-659522.62
2104,-659521.12
2105,-659519.5
2106,-659518.0
2107,-659516.38
2108,-659514.94
2109,-659513.38
2110,-659511.88
2111,-659510.31
2112,-659508.75
2113,-659507.19
2114,-659505.75
2115,-659504.19
2116,-659502.56
2117,-659501.12
2118,-659499.5
2119,-659498.0
2120,-659496.38
2121,-659494.94
2122,-659493.38
2123,-659491.88
2124,-659490.31
2125,-659488.75
2126,-659487.25
2127,-659485.69
2128,-659484.12
2129,-659482.56
2130,-659481.06
2131,-659479.5
2132,-659478.0
2133,-659476.44
2134,-659474.94
2135,-659473.38
2136,-659471.81
2137,-659470.25
2138,-659468.81
2139,-659467.19
2140,-659465.75
2141,-659464.12
2142,-659462.62
2143,-659461.12
2144,-659459.62
2145,-659458.06
2146,-659456.5
2147,-659455.06
2148,-659453.38
2149,-659451.94
2150,-659450.38
2151,-659448.88
2152,-659447.31
2153,-659445.81
2154,-659444.25
2155,-659442.81
2156,-659441.25
2157,-659439.75
2158,-659438.19
2159,-659436.75
2160,-659435.19
2161,-659433.69
2162,-659432.19
2163,-659430.62
2164,-659429.12
2165,-659427.69
2166,-659426.19
2167,-659424.62
2168,-659423.12
2169,-659421.62
2170,-659420.12
2171,-659418.56
2172,-659417.06
2173,-659415.56
2174,-659414.06
2175,-659412.56
2176,-659411.06
2177,-659409.5
2178,-659408.06
2179,-659406.5
2180,-659405.06
2181,-659403.44
2182,-659402.06
2183,-659400.5
2184,-659398.94
2185,-659397.44
2186,-659395.94
2187,-659394.38
2188,-659392.94
2189,-659391.44
2190,-659389.94
2191,-659388.38
2192,-659386.88
2193,-659385.44
2194,-659383.88
2195,-659382.38
2196,-659380.88
2197,-659379.38
2198,-659377.81
2199,-659376.38
2200,-659374.81
2201,-659373.38
2202,-659371.81
2203,-659370.31
2204,-659368.75
2205,-659367.38
2206,-659365.75
2207,-659364.31
2208,-659362.75
2209,-659361.38
2210,-659359.75
2211,-659358.31
2212,-659356.75
2213,-659355.25
2214,-659353.75
2215,-659352.31
2216,-659350.75
2217,-659349.25
2218,-659347.69
2219,-659346.25
2220,-659344.69
2221,-659343.19
2222,-659341.69
2223,-659340.25
2224,-659338.62
2225,-659337.19
2226,-659335.62
2227,-659334.19
2228,-659332.62
2229,-659331.19
2230,-659329.69
2231,-659328.19
2232,-659326.69
2233,-659325.12
2234,-659323.62
2235,-659322.12
2236,-659320.62
2237,-659319.12
2238,-659317.62
2239,-659316.12
2240,-659314.62
2241,-659313.12
2242,-659311.62
2243,-659310.19
2244,-659308.62
2245,-659307.19
2246,-659305.69
2247,-659304.19
2248,-659302.62
2249,-659301.19
2250,-659299.69
2251,-659298.19
2252,-659296.69
2253,-659295.19
2254,-659293.69
2255,-659292.25
2256,-659290.75
2257,-659289.25
2258,-659287.75
2259,-659286.25
2260,-659284.81
2261,-659283.31
2262,-659281.81
2263,-659280.38
2264,-659278.88
2265,-659277.38
2266,-659275.94
2267,-659274.5
2268,-659272.94
2269,-659271.5
2270,-659270.06
2271,-659268.56
2272,-659267.06
2273,-659265.62
2274,-659264.19
2275,-659262.62
2276,-659261.19
2277,-659259.75
2278,-659258.19
2279,-659256.75
2280,-659255.19
2281,-659253.75
2282,-659252.31
2283,-659250.81
2284,-659249.38
2285,-659247.81
2286,-659246.38
2287,-659244.94
2288,-659243.44
2289,-659241.94
2290,-659240.5
2291,-659239.06
2292,-659237.56
2293,-659236.06
2294,-659234.62
2295,-659233.12
2296,-659231.69
2297,-659230.19
2298,-659228.75
2299,-659227.25
2300,-659225.75
2301,-659224.31
2302,-659222.81
2303,-659221.25
2304,-659219.81
2305,-659218.38
2306,-659216.88
2307,-659215.44
2308,-659213.94
2309,-659212.5
2310,-659210.94
2311,-659209.5
2312,-659208.06
2313,-659206.62
2314,-659205.06
2315,-659203.62
2316,-659202.19
2317,-659200.69
2318,-659199.19
2319,-659197.75
2320,-659196.25
2321,-659194.81
2322,-659193.31
2323,-659191.81
2324,-659190.38
2325,-659188.88
2326,-659187.44
2327,-659186.0
2328,-659184.5
2329,-659183.0
2330,-659181.5
2331,-659180.06
2332,-659178.56
2333,-659177.12
2334,-659175.62
2335,-659174.19
2336,-659172.75
2337,-659171.25
2338,-659169.75
2339,-659168.25
2340,-659166.81
2341,-659165.38
2342,-659163.81
2343,-659162.38
2344,-659160.88
2345,-659159.44
2346,-659158.06
2347,-659156.5
2348,-659155.06
2349,-659153.62
2350,-659152.19
2351,-659150.69
2352,-659149.19
2353,-659147.75
2354,-659146.31
2355,-659144.81
2356,-659143.38
2357,-659141.94
2358,-659140.38
2359,-659139.06
2360,-659137.56
2361,-659136.12
2362,-659134.62
2363,-659133.19
2364,-659131.75
2365,-659130.31
2366,-659128.88
2367,-659127.38
2368,-659125.94
2369,-659124.5
2370,-659123.06
2371,-659121.69
2372,-659120.19
2373,-659118.75
2374,-659117.25
2375,-659115.81
2376,-659114.38
2377,-659112.94
2378,-659111.5
2379,-659110.06
2380,-659108.62
2381,-659107.19
2382,-659105.75
2383,-659104.31
2384,-659102.88
2385,-659101.38
2386,-659099.94
2387,-659098.5
2388,-659097.06
2389,-659095.62
2390,-659094.19
2391,-659092.81
2392,-659091.31
2393,-659089.94
2394,-659088.44
2395,-659086.94
2396,-659085.5
2397,-659084.06
2398,-659082.62
2399,-659081.12
2400,-659079.81
2401,-659078.31
2402,-659076.94
2403,-659075.44
2404,-659074.0
2405,-659072.56
2406,-659071.12
2407,-659069.69
2408,-659068.25
2409,-659066.81
2410,-659065.38
2411,-659063.94
2412,-659062.5
2413,-659061.06
2414,-659059.56
2415,-659058.06
2416,-659056.75
2417,-659055.19
2418,-659053.81
2419,-659052.31
2420,-659050.94
2421,-659049.5
2422,-659048.0
2423,-659046.62
2424,-659045.12
2425,-659043.75
2426,-659042.25
2427,-659040.88
2428,-659039.38
2429,-659037.94
2430,-659036.5
2431,-659035.12
2432,-659033.69
2433,-659032.19
2434,-659030.81
2435,-659029.25
2436,-659027.88
2437,-659026.38
2438,-659025.0
2439,-659023.5
2440,-659022.12
2441,-659020.69
2442,-659019.25
2443,-659017.81
2444,-659016.31
2445,-659014.88
2446,-659013.44
2447,-659012.06
2448,-659010.62
2449,-659009.19
2450,-659007.75
2451,-659006.25
2452,-659004.88
2453,-659003.38
2454,-659001.94
2455,-659000.5
2456,-658999.06
2457,-658997.69
2458,-658996.25
2459,-658994.81
2460,-658993.38
2461,-658991.94
2462,-658990.5
2463,-658989.06
2464,-658987.62
2465,-658986.19
2466,-658984.81
2467,-658983.38
2468,-658981.94
2469,-658980.44
2470,-658979.06
2471,-658977.62
2472,-658976.25
2473,-658974.81
2474,-658973.38
2475,-658971.94
2476,-658970.5
2477,-658969.12
2478,-658967.69
2479,-658966.31
2480,-658964.81
2481,-658963.44
2482,-658962.06
2483,-658960.62
2484,-658959.19
2485,-658957.81
2486,-658956.38
2487,-658955.0
2488,-658953.56
2489,-658952.19
2490,-658950.69
2491,-658949.38
2492,-658947.94
2493,-658946.5
2494,-658945.12
2495,-658943.62
2496,-658942.31
2497,-658940.81
2498,-658939.44
2499,-658938.06
2500,-658936.62
2501,-658935.25
2502,-658933.75
2503,-658932.38
2504,-658931.0
2505,-658929.56
2506,-658928.25
2507,-658926.75
2508,-658925.38
2509,-658923.94
2510,-658922.5
2511,-658921.12
2512,-658919.69
2513,-658918.31
2514,-658916.88
2515,-658915.5
2516,-658914.12
2517,-658912.62
2518,-658911.25
2519,-658909.81
2520,-658908.38
2521,-658907.06
2522,-658905.56
2523,-658904.25
2524,-658902.75
2525,-658901.38
2526,-658900.0
2527,-658898.5
2528,-658897.19
2529,-658895.75
2530,-658894.31
2531,-658892.94
2532,-658891.5
2533,-658890.06
2534,-658888.69
2535,-658887.38
2536,-658885.81
2537,-658884.5
2538,-658883.06
2539,-658881.62
2540,-658880.31
2541,-658878.88
2542,-658877.44
2543,-658876.0
2544,-658874.62
2545,-658873.19
2546,-658871.75
2547,-658870.38
2548,-658868.94
2549,-658867.62
2550,-658866.12
2551,-658864.75
2552,-658863.38
2553,-658861.94
2554,-658860.5
2555,-658859.06
2556,-658857.69
2557,-658856.31
2558,-658854.94
2559,-658853.5
2560,-658852.06
2561,-658850.62
2562,-658849.25
2563,-658847.88
2564,-658846.5
2565,-658845.0
2566,-658843.62
2567,-658842.19
2568,-658840.81
2569,-658839.44
2570,-658837.94
2571,-658836.62
2572,-658835.19
2573,-658833.81
2574,-658832.44
2575,-658830.94
2576,-658829.62
2577,-658828.19
2578,-658826.81
2579,-658825.38
2580,-658823.94
2581,-658822.62
2582,-658821.19
2583,-658819.75
2584,-658818.38
2585,-658816.94
2586,-658815.62
2587,-658814.19
2588,-658812.81
2589,-658811.38
2590,-658809.94
2591,-658808.62
2592,-658807.25
2593,-658805.81
2594,-658804.5
2595,-658803.06
2596,-658801.69
2597,-658800.25
2598,-658798.88
2599,-658797.5
2600,-658796.06
2601,-658794.75
2602,-658793.38
2603,-658791.94
2604,-658790.62
2605,-658789.12
2606,-658787.81
2607,-658786.5
2608,-658785.06
2609,-658783.75
2610,-658782.31
2611,-658780.94
2612,-658779.62
2613,-658778.19
2614,-658776.81
2615,-658775.44
2616,-658774.0
2617,-658772.69
2618,-658771.25
2619,-658769.94
2620,-658768.56
2621,-658767.19
2622,-658765.75
2623,-658764.38
2624,-658762.94
2625,-658761.62
2626,-658760.25
2627,-658758.88
2628,-658757.5
2629,-658756.06
2630,-658754.81
2631,-658753.31
2632,-658752.0
2633,-658750.62
2634,-658749.19
2635,-658747.81
2636,-658746.5
2637,-658745.12
2638,-658743.69
2639,-658742.38
2640,-658740.94
2641,-658739.62
2642,-658738.19
2643,-658736.88
2644,-658735.5
2645,-658734.06
2646,-658732.69
2647,-658731.25
2648,-658730.0
2649,-658728.62
2650,-658727.19
2651,-658725.81
2652,-658724.5
2653,-658723.12
2654,-658721.75
2655,-658720.25
2656,-658718.94
2657,-658717.62
2658,-658716.19
2659,-658714.81
2660,-658713.38
2661,-658712.06
2662,-658710.75
2663,-658709.25
2664,-658707.94
2665,-658706.56
2666,-658705.19
2667,-658703.81
2668,-658702.38
2669,-658701.12
2670,-658699.69
2671,-658698.31
2672,-658696.94
2673,-658695.62
2674,-658694.19
2675,-658692.81
2676,-658691.38
2677,-658690.06
2678,-658688.62
2679,-658687.25
2680,-658685.94
2681,-658684.56
2682,-658683.19
2683,-658681.81
2684,-658680.38
2685,-658679.06
2686,-658677.69
2687,-658676.25
2688,-658674.94
2689,-658673.5
2690,-658672.19
2691,-658670.81
2692,-658669.38
2693,-658668.06
2694,-658666.75
2695,-658665.25
2696,-658663.94
2697,-658662.5
2698,-658661.19
2699,-658659.81
2700,-658658.38
2701,-658657.06
2702,-658655.75
2703,-658654.31
2704,-658652.94
2705,-658651.5
2706,-658650.19
2707,-658648.81
2708,-658647.44
2709,-658646.06
2710,-658644.75
2711,-658643.31
2712,-658641.94
2713,-658640.62
2714,-658639.25
2715,-658637.94
2716,-658636.5
2717,-658635.19
2718,-658633.81
2719,-658632.38
2720,-658631.06
2721,-658629.75
2722,-658628.31
2723,-658626.94
2724,-658625.69
2725,-658624.25
2726,-658622.94
2727,-658621.56
2728,-658620.19
2729,-658618.88
2730,-658617.5
2731,-658616.19
2732,-658614.81
2733,-658613.44
2734,-658612.06
2735,-658610.81
2736,-658609.38
2737,-658608.06
2738,-658606.75
2739,-658605.31
2740,-658604.06
2741,-658602.69
2742,-658601.31
2743,-658599.94
2744,-658598.62
2745,-658597.25
2746,-658595.94
2747,-658594.62
2748,-658593.19
2749,-658591.94
2750,-658590.56
2751,-658589.19
2752,-658587.88
2753,-658586.5
2754,-658585.19
2755,-658583.81
2756,-658582.5
2757,-658581.12
2758,-658579.81
2759,-658578.44
2760,-658577.12
2761,-658575.81
2762,-658574.38
2763,-658573.06
2764,-658571.75
2765,-658570.31
2766,-658569.06
2767,-658567.69
2768,-658566.31
2769,-658564.94
2770,-658563.62
2771,-658562.31
2772,-658560.94
2773,-658559.62
2774,-658558.25
2775,-658556.94
2776,-658555.62
2777,-658554.25
2778,-658552.94
2779,-658551.62
2780,-658550.25
2781,-658548.81
2782,-658547.5
2783,-658546.19
2784,-658544.81
2785,-658543.5
2786,-658542.19
2787,-658540.81
2788,-658539.5
2789,-658538.06
2790,-658536.75
2791,-658535.44
2792,-658534.12
2793,-658532.69
2794,-658531.44
2795,-658530.06
2796,-658528.62
2797,-658527.38
2798,-658526.0
2799,-658524.69
2800,-658523.31
2801,-658522.0
2802,-658520.62
2803,-658519.25
2804,-658517.94
2805,-658516.62
2806,-658515.25
2807,-658513.94
2808,-658512.62
2809,-658511.25
2810,-658509.88
2811,-658508.56
2812,-658507.19
2813,-658505.81
2814,-658504.56
2815,-658503.19
2816,-658501.81
2817,-658500.56
2818,-658499.12
2819,-658497.81
2820,-658496.5
2821,-658495.06
2822,-658493.75
2823,-658492.5
2824,-658491.06
2825,-658489.75
2826,-658488.5
2827,-658487.06
2828,-658485.75
2829,-658484.38
2830,-658483.06
2831,-658481.75
2832,-658480.38
2833,-658479.06
2834,-658477.69
2835,-658476.38
2836,-658474.94
2837,-658473.69
2838,-658472.31
2839,-658471.0
2840,-658469.69
2841,-658468.31
2842,-658466.94
2843,-658465.69
2844,-658464.25
2845,-658462.94
2846,-658461.62
2847,-658460.25
2848,-658458.94
2849,-658457.56
2850,-658456.25
2851,-658454.94
2852,-658453.62
2853,-658452.25
2854,-658450.94
2855,-658449.62
2856,-658448.25
2857,-658446.94
2858,-658445.62
2859,-658444.25
2860,-658442.94
2861,-658441.62
2862,-658440.25
2863,-658438.94
2864,-658437.69
2865,-658436.31
2866,-658435.0
2867,-658433.69
2868,-658432.38
2869,-658431.06
2870,-658429.75
2871,-658428.38
2872,-658427.06
2873,-658425.81
2874,-658424.5
2875,-658423.12
2876,-658421.75
2877,-658420.5
2878,-658419.12
2879,-658417.81
2880,-658416.5
2881,-658415.19
2882,-658413.88
2883,-658412.62
2884,-658411.25
2885,-658409.94
2886,-658408.69
2887,-658407.31
2888,-658406.0
2889,-658404.75
2890,-658403.38
2891,-658402.06
2892,-658400.75
2893,-658399.5
2894,-658398.19
2895,-658396.81
2896,-658395.5
2897,-658394.25
2898,-658392.88
2899,-658391.62
2900,-658390.25
2901,-658388.94
2902,-658387.62
2903,-658386.31
2904,-658385.06
2905,-658383.69
2906,-658382.38
2907,-658381.06
2908,-658379.75
2909,-658378.5
2910,-658377.19
2911,-658375.81
2912,-658374.56
2913,-658373.19
2914,-658371.81
2915,-658370.62
2916,-658369.25
2917,-658367.94
2918,-658366.62
2919,-658365.38
2920,-658364.0
2921,-658362.75
2922,-658361.38
2923,-658360.12
2924,-658358.75
2925,-658357.5
2926,-658356.19
2927,-658354.88
2928,-658353.62
2929,-658352.19
2930,-658350.88
2931,-658349.62
2932,-658348.25
2933,-658347.0
2934,-658345.69
2935,-658344.38
2936,-658343.06
2937,-658341.75
2938,-658340.38
2939,-658339.12
2940,-658337.75
2941,-658336.5
2942,-658335.19
2943,-658333.94
2944,-658332.62
2945,-658331.19
2946,-658330.0
2947,-658328.62
2948,-658327.31
2949,-658326.0
2950,-658324.75
2951,-658323.38
2952,-658322.06
2953,-658320.75
2954,-658319.5
2955,-658318.12
2956,-658316.88
2957,-658315.5
2958,-658314.19
2959,-658312.88
2960,-658311.62
2961,-658310.25
2962,-658308.94
2963,-658307.69
2964,-658306.38
2965,-658305.0
2966,-658303.75
2967,-658302.44
2968,-658301.06
2969,-658299.81
2970,-658298.5
2971,-658297.19
2972,-658295.88
2973,-658294.5
2974,-658293.25
2975,-658291.94
2976,-658290.62
2977,-658289.31
2978,-658288.0
2979,-658286.75
2980,-658285.38
2981,-658284.06
2982,-658282.81
2983,-658281.44
2984,-658280.19
2985,-658278.81
2986,-658277.5
2987,-658276.25
2988,-658274.94
2989,-658273.62
2990,-658272.38
2991,-658271.06
2992,-658269.69
2993,-658268.38
2994,-658267.12
2995,-658265.75
2996,-658264.5
2997,-658263.19
2998,-658261.88
2999,-658260.56
3000,-658259.25
3001,-658257.94
3002,-658256.69
3003,-658255.38
3004,-658254.06
3005,-658252.75
3006,-658251.44
3007,-658250.19
3008,-658248.81
3009,-658247.5
3010,-658246.25
3011,-658244.94
3012,-658243.69
3013,-658242.38
3014,-658241.12
3015,-658239.81
3016,-658238.44
3017,-658237.19
3018,-658235.94
3019,-658234.56
3020,-658233.25
3021,-658232.06
3022,-658230.75
3023,-658229.44
3024,-658228.25
3025,-658226.88
3026,-658225.62
3027,-658224.31
3028,-658223.06
3029,-658221.75
3030,-658220.44
3031,-658219.19
3032,-658217.94
3033,-658216.62
3034,-658215.25
3035,-658214.06
3036,-658212.81
3037,-658211.5
3038,-658210.25
3039,-658208.94
3040,-658207.69
3041,-658206.38
3042,-658205.12
3043,-658203.81
3044,-658202.5
3045,-658201.25
3046,-658200.0
3047,-658198.62
3048,-658197.38
3049,-658196.19
3050,-658194.81
3051,-658193.5
3052,-658192.31
3053,-658191.06
3054,-658189.69
3055,-658188.44
3056,-658187.19
3057,-658185.81
3058,-658184.62
3059,-658183.38
3060,-658182.06
3061,-658180.75
3062,-658179.5
3063,-658178.25
3064,-658176.94
3065,-658175.69
3066,-658174.38
3067,-658173.12
3068,-658171.75
3069,-658170.5
3070,-658169.25
3071,-658168.0
3072,-658166.69
3073,-658165.44
3074,-658164.19
3075,-658162.81
3076,-658161.62
3077,-658160.31
3078,-658159.06
3079,-658157.75
3080,-658156.44
3081,-658155.19
3082,-658153.94
3083,-658152.62
3084,-658151.38
3085,-658150.06
3086,-658148.81
3087,-658147.56
3088,-658146.25
3089,-658145.0
3090,-658143.62
3091,-658142.38
3092,-658141.19
3093,-658139.81
3094,-658138.62
3095,-658137.31
3096,-658136.06
3097,-658134.75
3098,-658133.5
3099,-658132.19
3100,-658130.94
3101,-658129.62
3102,-658128.38
3103,-658127.06
3104,-658125.81
3105,-658124.5
3106,-658123.25
3107,-658121.94
3108,-658120.62
3109,-658119.38
3110,-658118.12
3111,-658116.88
3112,-658115.56
3113,-658114.31
3114,-658113.06
3115,-658111.75
3116,-658110.5
3117,-658109.19
3118,-658107.94
3119,-658106.62
3120,-658105.38
3121,-658104.06
3122,-658102.81
3123,-658101.5
3124,-658100.19
3125,-658099.0
3126,-658097.69
3127,-658096.38
3128,-658095.12
3129,-658093.94
3130,-658092.62
3131,-658091.25
3132,-658090.0
3133,-658088.81
3134,-658087.5
3135,-658086.19
3136,-658084.94
3137,-658083.69
3138,-658082.38
3139,-658081.06
3140,-658079.81
3141,-658078.5
3142,-658077.25
3143,-658076.0
3144,-658074.75
3145,-658073.38
3146,-658072.19
3147,-658070.88
3148,-658069.62
3149,-658068.31
3150,-658067.06
3151,-658065.81
3152,-658064.5
3153,-658063.25
3154,-658061.94
3155,-658060.75
3156,-658059.38
3157,-658058.12
3158,-658056.88
3159,-658055.62
3160,-658054.31
3161,-658053.06
3162,-658051.81
3163,-658050.5
3164,-658049.25
3165,-658047.94
3166,-658046.69
3167,-658045.38
3168,-658044.19
3169,-658042.88
3170,-658041.62
3171,-658040.31
3172,-658039.12
3173,-658037.81
3174,-658036.56
3175,-658035.31
3176,-658034.06
3177,-658032.81
3178,-658031.56
3179,-658030.25
3180,-658029.0
3181,-658027.75
3182,-658026.5
3183,-658025.25
3184,-658023.94
3185,-658022.75
3186,-658021.5
3187,-658020.19
3188,-658018.94
3189,-658017.69
3190,-658016.5
3191,-658015.19
3192,-658013.94
3193,-658012.69
3194,-658011.44
3195,-658010.19
3196,-658008.88
3197,-658007.69
3198,-658006.5
3199,-658005.19
3200,-658003.94
3201,-658002.62
3202,-658001.44
3203,-658000.19
3204,-657998.94
3205,-657997.69
3206,-657996.44
3207,-657995.19
3208,-657993.94
3209,-657992.62
3210,-657991.5
3211,-657990.19
3212,-657988.94
3213,-657987.69
3214,-657986.5
3215,-657985.19
3216,-657983.94
3217,-657982.75
3218,-657981.5
3219,-657980.19
3220,-657978.94
3221,-657977.75
3222,-657976.5
3223,-657975.19
3224,-657973.94
3225,-657972.75
3226,-657971.5
3227,-657970.25
3228,-657969.0
3229,-657967.75
3230,-657966.5
3231,-657965.25
3232,-657964.0
3233,-657962.81
3234,-657961.5
3235,-657960.25
3236,-657959.0
3237,-657957.75
3238,-657956.5
3239,-657955.25
3240,-657954.0
3241,-657952.75
3242,-657951.5
3243,-657950.31
3244,-657949.06
3245,-657947.81
3246,-657946.56
3247,-657945.25
3248,-657944.06
3249,-657942.81
3250,-657941.56
3251,-657940.31
3252,-657939.12
3253,-657937.81
3254,-657936.56
3255,-657935.38
3256,-657934.06
3257,-657932.88
3258,-657931.62
3259,-657930.38
3260,-657929.12
3261,-657927.88
3262,-657926.62
3263,-657925.38
3264,-657924.19
3265,-657922.88
3266,-657921.69
3267,-657920.38
3268,-657919.19
3269,-657917.94
3270,-657916.69
3271,-657915.44
3272,-657914.19
3273,-657912.94
3274,-657911.75
3275,-657910.5
3276,-657909.19
3277,-657907.94
3278,-657906.69
3279,-657905.44
3280,-657904.19
3281,-657902.94
3282,-657901.75
3283,-657900.5
3284,-657899.25
3285,-657898.0
3286,-657896.75
3287,-657895.5
3288,-657894.25
3289,-657893.0
3290,-657891.75
3291,-657890.5
3292,-657889.25
3293,-657888.0
3294,-657886.81
3295,-657885.5
3296,-657884.31
3297,-657883.06
3298,-657881.81
3299,-657880.56
3300,-657879.38
3301,-657878.06
3302,-657876.81
3303,-657875.62
3304,-657874.31
3305,-657873.06
3306,-657871.81
3307,-657870.56
3308,-657869.38
3309,-657868.06
3310,-657866.81
3311,-657865.62
3312,-657864.38
3313,-657863.12
3314,-657861.94
3315,-657860.62
3316,-657859.44
3317,-657858.19
3318,-657856.94
3319,-657855.69
3320,-657854.44
3321,-657853.19
3322,-657851.94
3323,-657850.75
3324,-657849.44
3325,-657848.25
3326,-657846.94
3327,-657845.75
3328,-657844.5
3329,-657843.25
3330,-657842.0
3331,-657840.75
3332,-657839.5
3333,-657838.31
3334,-657837.06
3335,-657835.81
3336,-657834.56
3337,-657833.31
3338,-657832.12
3339,-657830.88
3340,-657829.62
3341,-657828.38
3342,-657827.12
3343,-657825.81
3344,-657824.62
3345,-657823.44
3346,-657822.25
3347,-657820.94
3348,-657819.75
3349,-657818.5
3350,-657817.25
3351,-657816.0
3352,-657814.75
3353,-657813.62
3354,-657812.31
3355,-657811.06
3356,-657809.88
3357,-657808.69
3358,-657807.44
3359,-657806.25
3360,-657804.94
3361,-657803.75
3362,-657802.5
3363,-657801.31
3364,-657800.06
3365,-657798.81
3366,-657797.69
3367,-657796.38
3368,-657795.19
3369,-657793.94
3370,-657792.75
3371,-657791.5
3372,-657790.31
3373,-657789.06
3374,-657787.81
3375,-657786.69
3376,-657785.44
3377,-657784.19
3378,-657782.94
3379,-657781.75
3380,-657780.56
3381,-657779.38
3382,-657778.06
3383,-657776.94
3384,-657775.69
3385,-657774.5
3386,-657773.25
3387,-657772.06
3388,-657770.81
3389,-657769.62
3390,-657768.38
3391,-657767.19
3392,-657765.94
3393,-657764.75
3394,-657763.5
3395,-657762.31
3396,-657761.06
3397,-657759.88
3398,-657758.69
3399,-657757.5
3400,-657756.25
3401,-657755.0
3402,-657753.81
3403,-657752.62
3404,-657751.38
3405,-657750.19
3406,-657748.94
3407,-657747.75
3408,-657746.5
3409,-657745.31
3410,-657744.06
3411,-657742.88
3412,-657741.75
3413,-657740.5
3414,-657739.25
3415,-657738.0
3416,-657736.81
3417,-657735.62
3418,-657734.38
3419,-657733.19
3420,-657731.94
3421,-657730.75
3422,-657729.56
3423,-657728.31
3424,-657727.12
3425,-657725.88
3426,-657724.75
3427,-657723.44
3428,-657722.25
3429,-657721.06
3430,-657719.81
3431,-657718.62
3432,-657717.38
3433,-657716.19
3434,-657714.94
3435,-657713.75
3436,-657712.62
3437,-657711.38
3438,-657710.12
3439,-657708.94
3440,-657707.69
3441,-657706.5
3442,-657705.25
3443,-657704.06
3444,-657702.81
3445,-657701.62
3446,-657700.44
3447,-657699.19
3448,-657697.94
3449,-657696.81
3450,-657695.56
3451,-657694.31
3452,-657693.12
3453,-657691.94
3454,-657690.75
3455,-657689.5
3456,-657688.25
3457,-657687.06
3458,-657685.88
3459,-657684.69
3460,-657683.5
3461,-657682.19
3462,-657681.06
3463,-657679.81
3464,-657678.62
3465,-657677.38
3466,-657676.12
3467,-657675.0
3468,-657673.75
3469,-657672.56
3470,-657671.25
3471,-657670.06
3472,-657668.94
3473,-657667.69
3474,-657666.5
3475,-657665.19
3476,-657664.06
3477,-657662.81
3478,-657661.62
3479,-657660.38
3480,-657659.19
3481,-657658.0
3482,-657656.81
3483,-657655.62
3484,-657654.31
3485,-657653.12
3486,-657651.94
3487,-657650.75
3488,-657649.5
3489,-657648.25
3490,-657647.06
3491,-657645.81
3492,-657644.69
3493,-657643.44
3494,-657642.19
3495,-657641.06
3496,-657639.81
3497,-657638.62
3498,-657637.38
3499,-657636.12
3500,-657634.94
3501,-657633.75
3502,-657632.5
3503,-657631.25
3504,-657630.06
3505,-657628.88
3506,-657627.75
3507,-657626.5
3508,-657625.25
3509,-657624.0
3510,-657622.81
3511,-657621.69
3512,-657620.44
3513,-657619.19
3514,-657618.0
3515,-657616.81
3516,-657615.62
3517,-657614.38
3518,-657613.12
3519,-657611.94
3520,-657610.75
3521,-657609.5
3522,-657608.31
3523,-657607.12
3524,-657605.94
3525,-657604.75
3526,-657603.5
3527,-657602.25
3528,-657601.06
3529,-657599.88
3530,-657598.69
3531,-657597.5
3532,-657596.25
3533,-657595.06
3534,-657593.81
3535,-657592.69
3536,-657591.44
3537,-657590.19
3538,-657589.06
3539,-657587.81
3540,-657586.62
3541,-657585.44
3542,-657584.25
3543,-657583.06
3544,-657581.81
3545,-657580.62
3546,-657579.44
3547,-657578.19
3548,-657577.06
3549,-657575.81
3550,-657574.69
3551,-657573.44
3552,-657572.25
3553,-657571.06
3554,-657569.81
3555,-657568.75
3556,-657567.5
3557,-657566.25
3558,-657565.12
3559,-657563.94
3560,-657562.75
3561,-657561.5
3562,-657560.31
3563,-657559.12
3564,-657558.0
3565,-657556.75
3566,-657555.62
3567,-657554.38
3568,-657553.19
3569,-657552.06
3570,-657550.81
3571,-657549.69
3572,-657548.44
3573,-657547.31
3574,-657546.12
3575,-657544.94
3576,-657543.75
3577,-657542.56
3578,-657541.38
3579,-657540.19
3580,-657539.0
3581,-657537.81
3582,-657536.62
3583,-657535.44
3584,-657534.25
3585,-657533.12
3586,-657531.94
3587,-657530.75
3588,-657529.56
3589,-657528.38
3590,-657527.19
3591,-657526.0
3592,-657524.81
3593,-657523.62
3594,-657522.5
3595,-657521.25
3596,-657520.06
3597,-657518.88
3598,-657517.75
3599,-657516.5
3600,-657515.31
3601,-657514.19
3602,-657513.06
3603,-657511.81
3604,-657510.62
3605,-657509.38
3606,-657508.31
3607,-657507.12
3608,-657505.94
3609,-657504.75
3610,-657503.5
3611,-657502.38
3612,-657501.19
3613,-657500.0
3614,-657498.81
3615,-657497.62
3616,-657496.44
3617,-657495.25
3618,-657494.06
3619,-657492.94
3620,-657491.75
3621,-657490.56
3622,-657489.38
3623,-657488.19
3624,-657487.0
3625,-657485.81
3626,-657484.62
3627,-657483.44
3628,-657482.31
3629,-657481.12
3630,-657479.94
3631,-657478.75
3632,-657477.5
3633,-657476.38
3634,-657475.19
3635,-657474.0
3636,-657472.81
3637,-657471.69
3638,-657470.5
3639,-657469.31
3640,-657468.12
3641,-657466.94
3642,-657465.75
3643,-657464.56
3644,-657463.44
3645,-657462.25
3646,-657461.0
3647,-657459.81
3648,-657458.69
3649,-657457.5
3650,-657456.31
3651,-657455.12
3652,-657453.94
3653,-657452.75
3654,-657451.62
3655,-657450.38
3656,-657449.19
3657,-657448.06
3658,-657446.88
3659,-657445.75
3660,-657444.56
3661,-657443.38
3662,-657442.19
3663,-657440.94
3664,-657439.81
3665,-657438.62
3666,-657437.44
3667,-657436.25
3668,-657435.06
3669,-657433.88
3670,-657432.75
3671,-657431.56
3672,-657430.38
3673,-657429.19
3674,-657428.0
3675,-657426.81
3676,-657425.62
3677,-657424.5
3678,-657423.25
3679,-657422.06
3680,-657420.94
3681,-657419.75
3682,-657418.56
3683,-657417.38
3684,-657416.19
3685,-657415.06
3686,-657413.81
3687,-657412.62
3688,-657411.5
3689,-657410.25
3690,-657409.12
3691,-657407.94
3692,-657406.75
3693,-657405.5
3694,-657404.38
3695,-657403.25
3696,-657402.0
3697,-657400.88
3698,-657399.69
3699,-657398.5
3700,-657397.38
3701,-657396.12
3702,-657394.94
3703,-657393.81
3704,-657392.56
3705,-657391.44
3706,-657390.25
3707,-657389.06
3708,-657387.94
3709,-657386.69
3710,-657385.5
3711,-657384.31
3712,-657383.19
3713,-657382.06
3714,-657380.81
3715,-657379.62
3716,-657378.5
3717,-657377.25
3718,-657376.12
3719,-657374.94
3720,-657373.75
3721,-657372.56
3722,-657371.44
3723,-657370.25
3724,-657369.06
3725,-657367.88
3726,-657366.75
3727,-657365.5
3728,-657364.38
3729,-657363.12
3730,-657362.06
3731,-657360.81
3732,-657359.62
3733,-657358.5
3734,-657357.25
3735,-657356.06
3736,-657354.94
3737,-657353.75
3738,-657352.62
3739,-657351.38
3740,-657350.25
3741,-657349.06
3742,-657347.94
3743,-657346.75
3744,-657345.56
3745,-657344.38
3746,-657343.19
3747,-657342.0
3748,-657340.81
3749,-657339.69
3750,-657338.56
3751,-657337.38
3752,-657336.19
3753,-657335.06
3754,-657333.81
3755,-657332.75
3756,-657331.56
3757,-657330.38
3758,-657329.19
3759,-657328.0
3760,-657326.88
3761,-657325.75
3762,-657324.62
3763,-657323.38
3764,-657322.19
3765,-657321.0
3766,-657319.94
3767,-657318.75
3768,-657317.62
3769,-657316.5
3770,-657315.25
3771,-657314.06
3772,-657312.88
3773,-657311.81
3774,-657310.62
3775,-657309.5
3776,-657308.31
3777,-657307.12
3778,-657306.0
3779,-657304.88
3780,-657303.75
3781,-657302.56
3782,-657301.44
3783,-657300.19
3784,-657299.06
3785,-657297.94
3786,-657296.81
3787,-657295.69
3788,-657294.5
3789,-657293.38
3790,-657292.19
3791,-657291.0
3792,-657289.88
3793,-657288.75
3794,-657287.62
3795,-657286.44
3796,-657285.25
3797,-657284.06
3798,-657282.94
3799,-657281.81
3800,-657280.69
3801,-657279.56
3802,-657278.38
3803,-657277.19
3804,-657276.06
3805,-657274.94
3806,-657273.75
3807,-657272.62
3808,-657271.5
3809,-657270.31
3810,-657269.12
3811,-657267.94
3812,-657266.88
3813,-657265.75
3814,-657264.62
3815,-657263.44
3816,-657262.19
3817,-657261.06
3818,-657259.94
3819,-657258.81
3820,-657257.75
3821,-657256.62
3822,-657255.38
3823,-657254.19
3824,-657253.06
3825,-657251.94
3826,-657250.75
3827,-657249.69
3828,-657248.5
3829,-657247.38
3830,-657246.19
3831,-657245.06
3832,-657243.94
3833,-657242.75
3834,-657241.62
3835,-657240.5
3836,-657239.25
3837,-657238.12
3838,-657236.94
3839,-657235.81
3840,-657234.75
3841,-657233.62
3842,-657232.44
3843,-657231.25
3844,-657230.06
3845,-657228.94
3846,-657227.81
3847,-657226.75
3848,-657225.56
3849,-657224.38
3850,-657223.19
3851,-657222.06
3852,-657220.94
3853,-657219.81
3854,-657218.69
3855,-657217.5
3856,-657216.38
3857,-657215.19
3858,-657214.0
3859,-657212.88
3860,-657211.75
3861,-657210.62
3862,-657209.5
3863,-657208.31
3864,-657207.12
3865,-657206.0
3866,-657204.88
3867,-657203.75
3868,-657202.56
3869,-657201.44
3870,-657200.25
3871,-657199.12
3872,-657198.0
3873,-657196.81
3874,-657195.69
3875,-657194.56
3876,-657193.38
3877,-657192.19
3878,-657191.12
3879,-657189.94
3880,-657188.81
3881,-657187.69
3882,-657186.5
3883,-657185.38
3884,-657184.19
3885,-657183.06
3886,-657181.94
3887,-657180.81
3888,-657179.62
3889,-657178.5
3890,-657177.25
3891,-657176.19
3892,-657175.06
3893,-657173.81
3894,-657172.75
3895,-657171.62
3896,-657170.44
3897,-657169.25
3898,-657168.19
3899,-657166.94
3900,-657165.88
3901,-657164.75
3902,-657163.56
3903,-657162.38
3904,-657161.25
3905,-657160.12
3906,-657158.94
3907,-657157.81
3908,-657156.69
3909,-657155.5
3910,-657154.38
3911,-657153.25
3912,-657152.06
3913,-657150.94
3914,-657149.75
3915,-657148.62
3916,-657147.5
3917,-657146.38
3918,-657145.25
3919,-657144.06
3920,-657142.88
3921,-657141.75
3922,-657140.62
3923,-657139.5
3924,-657138.38
3925,-657137.19
3926,-657136.06
3927,-657134.81
3928,-657133.75
3929,-657132.62
3930,-657131.44
3931,-657130.31
3932,-657129.12
3933,-657127.94
3934,-657126.81
3935,-657125.69
3936,-657124.56
3937,-657123.44
3938,-657122.25
3939,-657121.12
3940,-657119.94
3941,-657118.81
3942,-657117.69
3943,-657116.5
3944,-657115.44
3945,-657114.25
3946,-657113.12
3947,-657112.0
3948,-657110.81
3949,-657109.69
3950,-657108.56
3951,-657107.44
3952,-657106.25
3953,-657105.12
3954,-657103.94
3955,-657102.81
3956,-657101.69
3957,-657100.5
3958,-657099.44
3959,-657098.25
3960,-657097.12
3961,-657095.94
3962,-657094.81
3963,-657093.62
3964,-657092.56
3965,-657091.38
3966,-657090.25
3967,-657089.12
3968,-657087.94
3969,-657086.81
3970,-657085.69
3971,-657084.56
3972,-657083.38
3973,-657082.25
3974,-657081.12
3975,-657079.94
3976,-657078.81
3977,-657077.75
3978,-657076.62
3979,-657075.44
3980,-657074.31
3981,-657073.19
3982,-657072.0
3983,-657070.88
3984,-657069.75
3985,-657068.62
3986,-657067.5
3987,-657066.38
3988,-657065.25
3989,-657064.12
3990,-657063.0
3991,-657061.81
3992,-657060.69
3993,-657059.62
3994,-657058.5
3995,-657057.31
3996,-657056.19
3997,-657055.06
3998,-657053.94
3999,-657052.81
