-1,-665771.25
0,-665702.69
1,-665634.0
2,-665565.38
3,-665496.62
4,-665427.88
5,-665359.19
6,-665290.38
7,-665221.62
8,-665152.81
9,-665083.94
10,-665015.19
11,-664946.31
12,-664877.44
13,-664808.5
14,-664739.62
15,-664670.62
16,-664601.75
17,-664532.75
18,-664463.75
19,-664394.69
20,-664325.62
21,-664256.5
22,-664187.5
23,-664118.31
24,-664049.25
25,-663980.06
26,-663910.88
27,-663841.69
28,-663772.5
29,-663703.19
30,-663633.94
31,-663564.62
32,-663495.38
33,-663425.94
34,-663356.69
35,-663287.25
36,-663217.88
37,-663148.5
38,-663079.0
39,-663009.5
40,-662940.06
41,-662870.5
42,-662800.94
43,-662731.38
44,-662661.81
45,-662592.25
46,-662522.62
47,-662452.94
48,-662383.25
49,-662313.62
50,-662243.81
51,-662174.06
52,-662104.38
53,-662034.56
54,-661964.75
55,-661894.88
56,-661825.0
57,-661755.12
58,-661685.19
59,-661615.19
60,-661545.38
61,-661475.25
62,-661405.25
63,-661335.19
64,-661265.19
65,-661195.0
66,-661124.94
67,-661054.75
68,-660984.62
69,-660914.38
70,-660844.19
71,-660773.94
72,-660703.69
73,-660633.38
74,-660563.06
75,-660492.81
76,-660422.38
77,-660352.0
78,-660281.5
79,-660211.12
80,-660140.62
81,-660070.19
82,-659999.62
83,-659929.06
84,-659858.56
85,-659787.94
86,-659717.31
87,-659646.62
88,-659576.06
89,-659505.25
90,-659434.56
91,-659363.81
92,-659293.06
93,-659222.31
94,-659151.44
95,-659080.62
96,-659009.75
97,-658938.94
98,-658867.94
99,-658797.06
100,-658726.06
101,-658655.06
102,-658584.06
103,-658513.0
104,-658441.94
105,-658370.88
106,-658299.75
107,-658228.56
108,-658157.38
109,-658086.19
110,-658015.06
111,-657943.75
112,-657872.5
113,-657801.19
114,-657729.88
115,-657658.5
116,-657587.19
117,-657515.75
118,-657444.31
119,-657372.94
120,-657301.38
121,-657229.94
122,-657158.38
123,-657086.81
124,-657015.25
125,-656943.69
126,-656872.06
127,-656800.38
128,-656728.75
129,-656657.06
130,-656585.25
131,-656513.5
132,-656441.81
133,-656369.94
134,-656298.12
135,-656226.25
136,-656154.31
137,-656082.44
138,-656010.56
139,-655938.5
140,-655866.56
141,-655794.56
142,-655722.56
143,-655650.5
144,-655578.44
145,-655506.31
146,-655434.19
147,-655361.94
148,-655289.75
149,-655217.56
150,-655145.31
151,-655073.06
152,-655000.81
153,-654928.5
154,-654856.19
155,-654783.81
156,-654711.38
157,-654639.06
158,-654566.62
159,-654494.19
160,-654421.62
161,-654349.12
162,-654276.62
163,-654204.06
164,-654131.44
165,-654058.81
166,-653986.19
167,-653913.5
168,-653840.81
169,-653768.06
170,-653695.38
171,-653622.62
172,-653549.75
173,-653476.94
174,-653404.06
175,-653331.25
176,-653258.38
177,-653185.44
178,-653112.5
179,-653039.5
180,-652966.5
181,-652893.44
182,-652820.44
183,-652747.38
184,-652674.25
185,-652601.12
186,-652527.94
187,-652454.81
188,-652381.62
189,-652308.31
190,-652235.12
191,-652161.75
192,-652088.5
193,-652015.12
194,-651941.81
195,-651868.38
196,-651794.94
197,-651721.5
198,-651648.06
199,-651574.56
200,-651501.06
201,-651427.5
202,-651353.94
203,-651280.25
204,-651206.69
205,-651133.06
206,-651059.38
207,-650985.69
208,-650911.94
209,-650838.25
210,-650764.44
211,-650690.62
212,-650616.81
213,-650542.94
214,-650469.06
215,-650395.19
216,-650321.19
217,-650247.25
218,-650173.25
219,-650099.25
220,-650025.19
221,-649951.12
222,-649877.06
223,-649802.94
224,-649728.81
225,-649654.62
226,-649580.38
227,-649506.19
228,-649431.94
229,-649357.69
230,-649283.38
231,-649209.0
232,-649134.75
233,-649060.31
234,-648985.88
235,-648911.44
236,-648837.0
237,-648762.5
238,-648688.06
239,-648613.5
240,-648538.94
241,-648464.38
242,-648389.75
243,-648315.12
244,-648240.44
245,-648165.75
246,-648091.06
247,-648016.31
248,-647941.5
249,-647866.75
250,-647791.94
251,-647717.06
252,-647642.19
253,-647567.25
254,-647492.31
255,-647417.38
256,-647342.38
257,-647267.38
258,-647192.38
259,-647117.25
260,-647042.19
261,-646967.06
262,-646891.94
263,-646816.81
264,-646741.62
265,-646666.31
266,-646591.12
267,-646515.81
268,-646440.5
269,-646365.12
270,-646289.81
271,-646214.38
272,-646139.0
273,-646063.62
274,-645988.06
275,-645912.62
276,-645837.06
277,-645761.56
278,-645685.94
279,-645610.31
280,-645534.75
281,-645459.06
282,-645383.38
283,-645307.62
284,-645231.94
285,-645156.19
286,-645080.31
287,-645004.5
288,-644928.62
289,-644852.75
290,-644776.81
291,-644700.94
292,-644624.94
293,-644548.94
294,-644472.94
295,-644396.94
296,-644320.81
297,-644244.75
298,-644168.62
299,-644092.5
300,-644016.25
301,-643940.06
302,-643863.81
303,-643787.56
304,-643711.25
305,-643634.94
306,-643558.62
307,-643482.25
308,-643405.81
309,-643329.5
310,-643253.0
311,-643176.5
312,-643100.06
313,-643023.5
314,-642946.88
315,-642870.38
316,-642793.75
317,-642717.06
318,-642640.38
319,-642563.75
320,-642487.06
321,-642410.19
322,-642333.5
323,-642256.75
324,-642179.81
325,-642102.94
326,-642026.06
327,-641949.19
328,-641872.25
329,-641795.31
330,-641718.38
331,-641641.38
332,-641564.25
333,-641487.19
334,-641410.06
335,-641332.94
336,-641255.75
337,-641178.62
338,-641101.38
339,-641024.19
340,-640946.88
341,-640869.5
342,-640792.19
343,-640714.81
344,-640637.5
345,-640560.0
346,-640482.62
347,-640405.12
348,-640327.62
349,-640250.06
350,-640172.56
351,-640094.94
352,-640017.38
353,-639939.75
354,-639862.06
355,-639784.31
356,-639706.62
357,-639628.88
358,-639551.12
359,-639473.25
360,-639395.5
361,-639317.62
362,-639239.75
363,-639161.81
364,-639083.81
365,-639005.88
366,-638927.88
367,-638849.81
368,-638771.81
369,-638693.75
370,-638615.62
371,-638537.5
372,-638459.25
373,-638381.06
374,-638302.81
375,-638224.56
376,-638146.31
377,-638068.0
378,-637989.62
379,-637911.25
380,-637832.81
381,-637754.38
382,-637675.94
383,-637597.44
384,-637518.94
385,-637440.38
386,-637361.81
387,-637283.19
388,-637204.62
389,-637125.94
390,-637047.19
391,-636968.5
392,-636889.69
393,-636810.94
394,-636732.06
395,-636653.19
396,-636574.38
397,-636495.5
398,-636416.5
399,-636337.5
400,-636258.56
401,-636179.5
402,-636100.44
403,-636021.38
404,-635942.25
405,-635863.06
406,-635783.94
407,-635704.75
408,-635625.5
409,-635546.25
410,-635466.94
411,-635387.62
412,-635308.25
413,-635228.88
414,-635149.5
415,-635070.06
416,-634990.62
417,-634911.06
418,-634831.56
419,-634752.0
420,-634672.44
421,-634592.81
422,-634513.19
423,-634433.5
424,-634353.81
425,-634274.06
426,-634194.31
427,-634114.5
428,-634034.75
429,-633954.88
430,-633874.94
431,-633795.06
432,-633715.06
433,-633635.12
434,-633555.12
435,-633475.12
436,-633395.0
437,-633314.88
438,-633234.81
439,-633154.62
440,-633074.44
441,-632994.19
442,-632914.0
443,-632833.69
444,-632753.44
445,-632673.0
446,-632592.62
447,-632512.25
448,-632431.81
449,-632351.38
450,-632270.88
451,-632190.38
452,-632109.75
453,-632029.19
454,-631948.62
455,-631867.94
456,-631787.25
457,-631706.56
458,-631625.75
459,-631545.06
460,-631464.25
461,-631383.38
462,-631302.56
463,-631221.69
464,-631140.75
465,-631059.75
466,-630978.75
467,-630897.75
468,-630816.75
469,-630735.62
470,-630654.5
471,-630573.38
472,-630492.19
473,-630410.94
474,-630329.75
475,-630248.5
476,-630167.19
477,-630085.81
478,-630004.5
479,-629923.12
480,-629841.75
481,-629760.25
482,-629678.75
483,-629597.19
484,-629515.75
485,-629434.06
486,-629352.5
487,-629270.88
488,-629189.19
489,-629107.5
490,-629025.81
491,-628944.0
492,-628862.25
493,-628780.44
494,-628698.56
495,-628616.75
496,-628534.81
497,-628452.81
498,-628370.88
499,-628288.81
500,-628206.81
501,-628124.75
502,-628042.62
503,-627960.5
504,-627878.31
505,-627796.19
506,-627713.94
507,-627631.62
508,-627549.38
509,-627467.06
510,-627384.69
511,-627302.25
512,-627219.81
513,-627137.44
514,-627054.88
515,-626972.38
516,-626889.81
517,-626807.31
518,-626724.69
519,-626642.06
520,-626559.38
521,-626476.62
522,-626393.94
523,-626311.12
524,-626228.38
525,-626145.5
526,-626062.62
527,-625979.75
528,-625896.81
529,-625813.88
530,-625730.88
531,-625647.81
532,-625564.75
533,-625481.75
534,-625398.62
535,-625315.5
536,-625232.25
537,-625149.06
538,-625065.81
539,-624982.56
540,-624899.19
541,-624815.81
542,-624732.5
543,-624649.19
544,-624565.75
545,-624482.25
546,-624398.81
547,-624315.25
548,-624231.75
549,-624148.12
550,-624064.5
551,-623980.81
552,-623897.19
553,-623813.44
554,-623729.75
555,-623645.94
556,-623562.12
557,-623478.31
558,-623394.38
559,-623310.56
560,-623226.56
561,-623142.69
562,-623058.75
563,-622974.62
564,-622890.56
565,-622806.5
566,-622722.38
567,-622638.25
568,-622554.06
569,-622469.81
570,-622385.62
571,-622301.38
572,-622217.06
573,-622132.75
574,-622048.38
575,-621964.0
576,-621879.62
577,-621795.12
578,-621710.56
579,-621626.06
580,-621541.5
581,-621457.06
582,-621372.31
583,-621287.69
584,-621202.94
585,-621118.25
586,-621033.5
587,-620948.75
588,-620864.0
589,-620779.12
590,-620694.25
591,-620609.25
592,-620524.38
593,-620439.38
594,-620354.38
595,-620269.38
596,-620184.25
597,-620099.12
598,-620014.0
599,-619928.88
600,-619843.62
601,-619758.38
602,-619673.06
603,-619587.81
604,-619502.5
605,-619417.12
606,-619331.69
607,-619246.25
608,-619160.81
609,-619075.25
610,-618989.75
611,-618904.19
612,-618818.62
613,-618732.94
614,-618647.31
615,-618561.62
616,-618475.88
617,-618390.06
618,-618304.31
619,-618218.5
620,-618132.62
621,-618046.69
622,-617960.75
623,-617874.75
624,-617788.75
625,-617702.75
626,-617616.62
627,-617530.56
628,-617444.38
629,-617358.25
630,-617272.06
631,-617185.81
632,-617099.62
633,-617013.25
634,-616926.94
635,-616840.56
636,-616754.12
637,-616667.69
638,-616581.25
639,-616494.75
640,-616408.19
641,-616321.62
642,-616234.94
643,-616148.38
644,-616061.69
645,-615974.94
646,-615888.25
647,-615801.44
648,-615714.62
649,-615627.75
650,-615540.88
651,-615454.06
652,-615367.12
653,-615280.06
654,-615193.06
655,-615106.0
656,-615018.94
657,-614931.81
658,-614844.62
659,-614757.44
660,-614670.25
661,-614583.0
662,-614495.62
663,-614408.38
664,-614321.06
665,-614233.62
666,-614146.25
667,-614058.75
668,-613971.25
669,-613883.75
670,-613796.19
671,-613708.56
672,-613620.94
673,-613533.38
674,-613445.69
675,-613358.0
676,-613270.19
677,-613182.38
678,-613094.56
679,-613006.75
680,-612918.88
681,-612830.94
682,-612742.94
683,-612654.94
684,-612566.94
685,-612478.81
686,-612390.81
687,-612302.62
688,-612214.5
689,-612126.31
690,-612038.12
691,-611949.88
692,-611861.5
693,-611773.19
694,-611684.81
695,-611596.44
696,-611508.0
697,-611419.5
698,-611330.94
699,-611242.56
700,-611153.94
701,-611065.38
702,-610976.75
703,-610888.06
704,-610799.38
705,-610710.69
706,-610621.94
707,-610533.12
708,-610444.25
709,-610355.38
710,-610266.5
711,-610177.56
712,-610088.62
713,-609999.62
714,-609910.56
715,-609821.5
716,-609732.38
717,-609643.19
718,-609554.06
719,-609464.81
720,-609375.5
721,-609286.31
722,-609197.0
723,-609107.62
724,-609018.19
725,-608928.81
726,-608839.38
727,-608749.81
728,-608660.38
729,-608570.75
730,-608481.19
731,-608391.62
732,-608301.94
733,-608212.25
734,-608122.5
735,-608032.75
736,-607942.94
737,-607853.12
738,-607763.25
739,-607673.38
740,-607583.44
741,-607493.44
742,-607403.44
743,-607313.44
744,-607223.31
745,-607133.25
746,-607043.12
747,-606952.88
748,-606862.62
749,-606772.38
750,-606682.06
751,-606591.75
752,-606501.44
753,-606410.94
754,-606320.56
755,-606230.06
756,-606139.62
757,-606049.06
758,-605958.5
759,-605867.88
760,-605777.25
761,-605686.56
762,-605595.81
763,-605505.12
764,-605414.31
765,-605323.44
766,-605232.56
767,-605141.69
768,-605050.81
769,-604959.75
770,-604868.81
771,-604777.75
772,-604686.69
773,-604595.62
774,-604504.44
775,-604413.25
776,-604322.06
777,-604230.81
778,-604139.62
779,-604048.19
780,-603956.88
781,-603865.5
782,-603774.06
783,-603682.62
784,-603591.19
785,-603499.62
786,-603408.06
787,-603316.5
788,-603224.81
789,-603133.19
790,-603041.5
791,-602949.81
792,-602858.0
793,-602766.25
794,-602674.44
795,-602582.5
796,-602490.62
797,-602398.69
798,-602306.69
799,-602214.75
800,-602122.62
801,-602030.56
802,-601938.44
803,-601846.25
804,-601754.12
805,-601661.81
806,-601569.62
807,-601477.25
808,-601384.94
809,-601292.62
810,-601200.19
811,-601107.75
812,-601015.25
813,-600922.75
814,-600830.19
815,-600737.62
816,-600645.0
817,-600552.38
818,-600459.62
819,-600366.94
820,-600274.19
821,-600181.38
822,-600088.62
823,-599995.69
824,-599902.75
825,-599809.81
826,-599716.81
827,-599623.81
828,-599530.81
829,-599437.62
830,-599344.62
831,-599251.44
832,-599158.25
833,-599065.06
834,-598971.75
835,-598878.5
836,-598785.19
837,-598691.81
838,-598598.38
839,-598504.94
840,-598411.44
841,-598317.94
842,-598224.38
843,-598130.81
844,-598037.19
845,-597943.62
846,-597849.81
847,-597756.19
848,-597662.38
849,-597568.62
850,-597474.75
851,-597380.88
852,-597287.06
853,-597193.06
854,-597099.06
855,-597005.06
856,-596911.06
857,-596816.94
858,-596722.81
859,-596628.62
860,-596534.44
861,-596440.19
862,-596345.94
863,-596251.69
864,-596157.25
865,-596062.94
866,-595968.5
867,-595874.0
868,-595779.5
869,-595685.0
870,-595590.5
871,-595495.81
872,-595401.25
873,-595306.56
874,-595211.81
875,-595117.19
876,-595022.38
877,-594927.5
878,-594832.75
879,-594737.81
880,-594642.81
881,-594547.88
882,-594452.88
883,-594357.81
884,-594262.75
885,-594167.56
886,-594072.44
887,-593977.25
888,-593882.0
889,-593786.81
890,-593691.5
891,-593596.06
892,-593500.75
893,-593405.25
894,-593309.94
895,-593214.38
896,-593118.81
897,-593023.25
898,-592927.69
899,-592832.06
900,-592736.38
901,-592640.62
902,-592544.88
903,-592449.12
904,-592353.25
905,-592257.38
906,-592161.44
907,-592065.5
908,-591969.5
909,-591873.44
910,-591777.38
911,-591681.25
912,-591585.19
913,-591488.94
914,-591392.69
915,-591296.5
916,-591200.19
917,-591103.88
918,-591007.44
919,-590911.0
920,-590814.62
921,-590718.06
922,-590621.56
923,-590524.94
924,-590428.38
925,-590331.69
926,-590234.94
927,-590138.25
928,-590041.5
929,-589944.69
930,-589847.81
931,-589750.94
932,-589654.0
933,-589557.06
934,-589460.06
935,-589363.0
936,-589265.94
937,-589168.81
938,-589071.62
939,-588974.38
940,-588877.25
941,-588779.94
942,-588682.62
943,-588585.25
944,-588487.88
945,-588390.38
946,-588292.94
947,-588195.44
948,-588097.81
949,-588000.25
950,-587902.69
951,-587805.0
952,-587707.25
953,-587609.5
954,-587511.75
955,-587413.88
956,-587316.06
957,-587218.06
958,-587120.19
959,-587022.19
960,-586924.06
961,-586826.06
962,-586727.94
963,-586629.75
964,-586531.62
965,-586433.38
966,-586335.12
967,-586236.81
968,-586138.5
969,-586040.06
970,-585941.69
971,-585843.25
972,-585744.75
973,-585646.19
974,-585547.69
975,-585449.0
976,-585350.31
977,-585251.62
978,-585152.88
979,-585054.19
980,-584955.31
981,-584856.5
982,-584757.62
983,-584658.75
984,-584559.69
985,-584460.69
986,-584361.69
987,-584262.5
988,-584163.38
989,-584064.25
990,-583964.94
991,-583865.75
992,-583766.38
993,-583667.06
994,-583567.75
995,-583468.31
996,-583368.88
997,-583269.38
998,-583169.81
999,-583070.19
1000,-582970.62
1001,-582871.0
1002,-582771.25
1003,-582671.5
1004,-582571.75
1005,-582471.94
1006,-582372.06
1007,-582272.19
1008,-582172.25
1009,-582072.25
1010,-581972.25
1011,-581872.19
1012,-581772.06
1013,-581672.0
1014,-581571.75
1015,-581471.5
1016,-581371.25
1017,-581271.0
1018,-581170.62
1019,-581070.31
1020,-580969.88
1021,-580869.38
1022,-580768.88
1023,-580668.38
1024,-580567.81
1025,-580467.19
1026,-580366.5
1027,-580265.75
1028,-580165.0
1029,-580064.25
1030,-579963.38
1031,-579862.56
1032,-579761.62
1033,-579660.75
1034,-579559.75
1035,-579458.62
1036,-579357.62
1037,-579256.56
1038,-579155.38
1039,-579054.19
1040,-578952.88
1041,-578851.69
1042,-578750.38
1043,-578649.06
1044,-578547.69
1045,-578446.25
1046,-578344.75
1047,-578243.25
1048,-578141.75
1049,-578040.12
1050,-577938.5
1051,-577836.81
1052,-577735.06
1053,-577633.38
1054,-577531.62
1055,-577429.69
1056,-577327.81
1057,-577225.94
1058,-577123.94
1059,-577021.94
1060,-576919.94
1061,-576817.81
1062,-576715.75
1063,-576613.5
1064,-576511.38
1065,-576409.12
1066,-576306.81
1067,-576204.5
1068,-576102.12
1069,-575999.75
1070,-575897.25
1071,-575794.75
1072,-575692.25
1073,-575589.62
1074,-575487.06
1075,-575384.38
1076,-575281.69
1077,-575178.94
1078,-575076.19
1079,-574973.31
1080,-574870.5
1081,-574767.5
1082,-574664.56
1083,-574561.56
1084,-574458.56
1085,-574355.5
1086,-574252.31
1087,-574149.19
1088,-574046.06
1089,-573942.75
1090,-573839.5
1091,-573736.19
1092,-573632.81
1093,-573529.44
1094,-573426.0
1095,-573322.5
1096,-573219.0
1097,-573115.38
1098,-573011.81
1099,-572908.19
1100,-572804.5
1101,-572700.75
1102,-572596.94
1103,-572493.19
1104,-572389.25
1105,-572285.38
1106,-572181.5
1107,-572077.5
1108,-571973.44
1109,-571869.38
1110,-571765.19
1111,-571661.12
1112,-571556.94
1113,-571452.62
1114,-571348.38
1115,-571244.06
1116,-571139.69
1117,-571035.25
1118,-570930.75
1119,-570826.31
1120,-570721.75
1121,-570617.19
1122,-570512.56
1123,-570407.81
1124,-570303.19
1125,-570198.44
1126,-570093.69
1127,-569988.75
1128,-569883.94
1129,-569779.06
1130,-569674.06
1131,-569569.12
1132,-569464.06
1133,-569358.94
1134,-569253.88
1135,-569148.75
1136,-569043.5
1137,-568938.31
1138,-568833.06
1139,-568727.75
1140,-568622.38
1141,-568516.94
1142,-568411.5
1143,-568306.0
1144,-568200.5
1145,-568094.88
1146,-567989.31
1147,-567883.62
1148,-567777.88
1149,-567672.12
1150,-567566.25
1151,-567460.44
1152,-567354.62
1153,-567248.62
1154,-567142.62
1155,-567036.62
1156,-566930.62
1157,-566824.5
1158,-566718.38
1159,-566612.12
1160,-566505.94
1161,-566399.69
1162,-566293.31
1163,-566186.94
1164,-566080.56
1165,-565974.19
1166,-565867.62
1167,-565761.06
1168,-565654.5
1169,-565547.94
1170,-565441.19
1171,-565334.5
1172,-565227.75
1173,-565120.94
1174,-565014.0
1175,-564907.12
1176,-564800.25
1177,-564693.19
1178,-564586.19
1179,-564479.06
1180,-564372.0
1181,-564264.81
1182,-564157.62
1183,-564050.44
1184,-563943.12
1185,-563835.75
1186,-563728.38
1187,-563621.0
1188,-563513.5
1189,-563406.0
1190,-563298.44
1191,-563190.94
1192,-563083.25
1193,-562975.5
1194,-562867.81
1195,-562760.06
1196,-562652.25
1197,-562544.38
1198,-562436.5
1199,-562328.5
1200,-562220.56
1201,-562112.5
1202,-562004.38
1203,-561896.25
1204,-561788.06
1205,-561679.94
1206,-561571.56
1207,-561463.25
1208,-561354.94
1209,-561246.5
1210,-561138.06
1211,-561029.62
1212,-560921.06
1213,-560812.44
1214,-560703.88
1215,-560595.19
1216,-560486.5
1217,-560377.75
1218,-560268.94
1219,-560160.19
1220,-560051.25
1221,-559942.25
1222,-559833.31
1223,-559724.38
1224,-559615.25
1225,-559506.19
1226,-559397.0
1227,-559287.75
1228,-559178.56
1229,-559069.25
1230,-558959.94
1231,-558850.5
1232,-558741.12
1233,-558631.62
1234,-558522.12
1235,-558412.5
1236,-558302.94
1237,-558193.25
1238,-558083.56
1239,-557973.81
1240,-557864.0
1241,-557754.25
1242,-557644.31
1243,-557534.38
1244,-557424.5
1245,-557314.44
1246,-557204.31
1247,-557094.25
1248,-556984.12
1249,-556873.94
1250,-556763.69
1251,-556653.38
1252,-556543.12
1253,-556432.75
1254,-556322.25
1255,-556211.81
1256,-556101.38
1257,-555990.75
1258,-555880.19
1259,-555769.5
1260,-555658.88
1261,-555548.12
1262,-555437.38
1263,-555326.56
1264,-555215.75
1265,-555104.75
1266,-554993.81
1267,-554882.88
1268,-554771.81
1269,-554660.69
1270,-554549.62
1271,-554438.44
1272,-554327.19
1273,-554215.94
1274,-554104.56
1275,-553993.25
1276,-553881.81
1277,-553770.38
1278,-553658.94
1279,-553547.38
1280,-553435.75
1281,-553324.19
1282,-553212.44
1283,-553100.75
1284,-552988.94
1285,-552877.12
1286,-552765.38
1287,-552653.38
1288,-552541.44
1289,-552429.5
1290,-552317.44
1291,-552205.38
1292,-552093.19
1293,-551981.06
1294,-551868.81
1295,-551756.56
1296,-551644.25
1297,-551531.81
1298,-551419.5
1299,-551307.06
1300,-551194.56
1301,-551082.0
1302,-550969.44
1303,-550856.75
1304,-550744.12
1305,-550631.38
1306,-550518.62
1307,-550405.75
1308,-550292.88
1309,-550180.0
1310,-550066.94
1311,-549953.94
1312,-549840.94
1313,-549727.75
1314,-549614.62
1315,-549501.38
1316,-549388.12
1317,-549274.88
1318,-549161.5
1319,-549048.12
1320,-548934.62
1321,-548821.19
1322,-548707.62
1323,-548594.06
1324,-548480.38
1325,-548366.69
1326,-548253.06
1327,-548139.25
1328,-548025.38
1329,-547911.5
1330,-547797.62
1331,-547683.69
1332,-547569.62
1333,-547455.62
1334,-547341.5
1335,-547227.38
1336,-547113.19
1337,-546998.94
1338,-546884.75
1339,-546770.38
1340,-546656.0
1341,-546541.62
1342,-546427.12
1343,-546312.75
1344,-546198.06
1345,-546083.5
1346,-545968.81
1347,-545854.19
1348,-545739.44
1349,-545624.62
1350,-545509.81
1351,-545394.94
1352,-545280.0
1353,-545165.06
1354,-545050.0
1355,-544934.94
1356,-544819.81
1357,-544704.75
1358,-544589.5
1359,-544474.25
1360,-544358.94
1361,-544243.62
1362,-544128.19
1363,-544012.75
1364,-543897.25
1365,-543781.75
1366,-543666.19
1367,-543550.56
1368,-543434.88
1369,-543319.12
1370,-543203.38
1371,-543087.5
1372,-542971.62
1373,-542855.69
1374,-542739.75
1375,-542623.75
1376,-542507.62
1377,-542391.5
1378,-542275.38
1379,-542159.12
1380,-542042.94
1381,-541926.56
1382,-541810.19
1383,-541693.75
1384,-541577.25
1385,-541460.81
1386,-541344.25
1387,-541227.69
1388,-541111.0
1389,-540994.31
1390,-540877.62
1391,-540760.81
1392,-540643.94
1393,-540527.06
1394,-540410.12
1395,-540293.19
1396,-540176.06
1397,-540059.06
1398,-539941.94
1399,-539824.75
1400,-539707.5
1401,-539590.25
1402,-539472.94
1403,-539355.62
1404,-539238.19
1405,-539120.75
1406,-539003.19
1407,-538885.69
1408,-538768.06
1409,-538650.38
1410,-538532.62
1411,-538414.94
1412,-538297.06
1413,-538179.25
1414,-538061.25
1415,-537943.31
1416,-537825.38
1417,-537707.25
1418,-537589.19
1419,-537470.94
1420,-537352.81
1421,-537234.56
1422,-537116.19
1423,-536997.81
1424,-536879.44
1425,-536760.94
1426,-536642.44
1427,-536523.81
1428,-536405.25
1429,-536286.56
1430,-536167.81
1431,-536049.12
1432,-535930.31
1433,-535811.44
1434,-535692.56
1435,-535573.56
1436,-535454.62
1437,-535335.5
1438,-535216.38
1439,-535097.31
1440,-534978.12
1441,-534858.88
1442,-534739.62
1443,-534620.25
1444,-534500.88
1445,-534381.44
1446,-534262.0
1447,-534142.38
1448,-534022.88
1449,-533903.25
1450,-533783.56
1451,-533663.81
1452,-533544.06
1453,-533424.25
1454,-533304.31
1455,-533184.38
1456,-533064.5
1457,-532944.38
1458,-532824.31
1459,-532704.19
1460,-532584.0
1461,-532463.75
1462,-532343.5
1463,-532223.19
1464,-532102.81
1465,-531982.38
1466,-531861.88
1467,-531741.38
1468,-531620.81
1469,-531500.19
1470,-531379.56
1471,-531258.81
1472,-531138.0
1473,-531017.19
1474,-530896.38
1475,-530775.44
1476,-530654.5
1477,-530533.44
1478,-530412.38
1479,-530291.25
1480,-530170.06
1481,-530048.88
1482,-529927.62
1483,-529806.31
1484,-529684.94
1485,-529563.5
1486,-529442.06
1487,-529320.5
1488,-529199.0
1489,-529077.25
1490,-528955.69
1491,-528833.94
1492,-528712.19
1493,-528590.31
1494,-528468.44
1495,-528346.5
1496,-528224.44
1497,-528102.44
1498,-527980.31
1499,-527858.25
1500,-527736.06
1501,-527613.88
1502,-527491.56
1503,-527369.19
1504,-527246.81
1505,-527124.31
1506,-527001.88
1507,-526879.31
1508,-526756.75
1509,-526634.06
1510,-526511.38
1511,-526388.62
1512,-526265.81
1513,-526142.94
1514,-526020.06
1515,-525897.06
1516,-525774.12
1517,-525651.06
1518,-525527.94
1519,-525404.81
1520,-525281.62
1521,-525158.38
1522,-525035.0
1523,-524911.69
1524,-524788.25
1525,-524664.81
1526,-524541.25
1527,-524417.75
1528,-524294.06
1529,-524170.41
1530,-524046.72
1531,-523922.91
1532,-523799.19
1533,-523675.19
1534,-523551.28
1535,-523427.31
1536,-523303.28
1537,-523179.19
1538,-523055.09
1539,-522930.81
1540,-522806.62
1541,-522682.38
1542,-522558.0
1543,-522433.59
1544,-522309.16
1545,-522184.69
1546,-522060.09
1547,-521935.47
1548,-521810.84
1549,-521686.12
1550,-521561.38
1551,-521436.53
1552,-521311.69
1553,-521186.72
1554,-521061.81
1555,-520936.72
1556,-520811.69
1557,-520686.56
1558,-520561.38
1559,-520436.09
1560,-520310.81
1561,-520185.47
1562,-520060.09
1563,-519934.62
1564,-519809.12
1565,-519683.59
1566,-519557.91
1567,-519432.31
1568,-519306.59
1569,-519180.84
1570,-519054.97
1571,-518929.12
1572,-518803.16
1573,-518677.12
1574,-518551.16
1575,-518425.03
1576,-518298.91
1577,-518172.69
1578,-518046.41
1579,-517920.16
1580,-517793.72
1581,-517667.41
1582,-517540.88
1583,-517414.31
1584,-517287.75
1585,-517161.12
1586,-517034.47
1587,-516907.75
1588,-516780.97
1589,-516654.12
1590,-516527.19
1591,-516400.25
1592,-516273.28
1593,-516146.19
1594,-516019.12
1595,-515891.97
1596,-515764.81
1597,-515637.56
1598,-515510.25
1599,-515382.91
1600,-515255.44
1601,-515128.0
1602,-515000.47
1603,-514872.88
1604,-514745.31
1605,-514617.62
1606,-514489.91
1607,-514362.16
1608,-514234.28
1609,-514106.41
1610,-513978.56
1611,-513850.56
1612,-513722.47
1613,-513594.44
1614,-513466.31
1615,-513338.12
1616,-513209.84
1617,-513081.56
1618,-512953.28
1619,-512824.88
1620,-512696.44
1621,-512567.91
1622,-512439.38
1623,-512310.81
1624,-512182.16
1625,-512053.44
1626,-511924.62
1627,-511795.88
1628,-511667.03
1629,-511538.12
1630,-511409.16
1631,-511280.09
1632,-511151.03
1633,-511021.91
1634,-510892.72
1635,-510763.53
1636,-510634.19
1637,-510504.88
1638,-510375.44
1639,-510246.09
1640,-510116.56
1641,-509987.03
1642,-509857.41
1643,-509727.75
1644,-509598.09
1645,-509468.31
1646,-509338.47
1647,-509208.62
1648,-509078.72
1649,-508948.72
1650,-508818.69
1651,-508688.62
1652,-508558.53
1653,-508428.31
1654,-508298.09
1655,-508167.84
1656,-508037.44
1657,-507907.03
1658,-507776.62
1659,-507646.16
1660,-507515.56
1661,-507384.97
1662,-507254.31
1663,-507123.56
1664,-506992.81
1665,-506861.97
1666,-506731.09
1667,-506600.16
1668,-506469.19
1669,-506338.09
1670,-506207.09
1671,-506075.88
1672,-505944.62
1673,-505813.44
1674,-505682.03
1675,-505550.69
1676,-505419.25
1677,-505287.72
1678,-505156.19
1679,-505024.56
1680,-504892.91
1681,-504761.25
1682,-504629.44
1683,-504497.62
1684,-504365.75
1685,-504233.84
1686,-504101.84
1687,-503969.75
1688,-503837.69
1689,-503705.56
1690,-503573.28
1691,-503441.12
1692,-503308.75
1693,-503176.41
1694,-503044.0
1695,-502911.53
1696,-502779.0
1697,-502646.38
1698,-502513.72
1699,-502381.03
1700,-502248.19
1701,-502115.53
1702,-501982.59
1703,-501849.69
1704,-501716.69
1705,-501583.69
1706,-501450.59
1707,-501317.44
1708,-501184.31
1709,-501051.03
1710,-500917.72
1711,-500784.41
1712,-500651.0
1713,-500517.53
1714,-500384.0
1715,-500250.41
1716,-500116.88
1717,-499983.12
1718,-499849.44
1719,-499715.62
1720,-499581.75
1721,-499447.88
1722,-499313.91
1723,-499180.0
1724,-499045.88
1725,-498911.75
1726,-498777.62
1727,-498643.38
1728,-498509.09
1729,-498374.81
1730,-498240.41
1731,-498105.88
1732,-497971.41
1733,-497836.81
1734,-497702.25
1735,-497567.56
1736,-497432.81
1737,-497298.0
1738,-497163.19
1739,-497028.25
1740,-496893.28
1741,-496758.31
1742,-496623.19
1743,-496488.16
1744,-496352.97
1745,-496217.75
1746,-496082.44
1747,-495947.09
1748,-495811.69
1749,-495676.28
1750,-495540.72
1751,-495405.16
1752,-495269.53
1753,-495133.84
1754,-494998.09
1755,-494862.28
1756,-494726.47
1757,-494590.56
1758,-494454.56
1759,-494318.53
1760,-494182.53
1761,-494046.38
1762,-493910.12
1763,-493773.84
1764,-493637.53
1765,-493501.19
1766,-493364.75
1767,-493228.28
1768,-493091.75
1769,-492955.16
1770,-492818.47
1771,-492681.84
1772,-492545.03
1773,-492408.25
1774,-492271.28
1775,-492134.41
1776,-491997.41
1777,-491860.31
1778,-491723.19
1779,-491586.0
1780,-491448.81
1781,-491311.53
1782,-491174.16
1783,-491036.81
1784,-490899.38
1785,-490761.84
1786,-490624.31
1787,-490486.62
1788,-490349.03
1789,-490211.28
1790,-490073.47
1791,-489935.69
1792,-489797.75
1793,-489659.75
1794,-489521.75
1795,-489383.72
1796,-489245.56
1797,-489107.41
1798,-488969.19
1799,-488830.88
1800,-488692.53
1801,-488554.12
1802,-488415.69
1803,-488277.16
1804,-488138.56
1805,-488000.0
1806,-487861.25
1807,-487722.53
1808,-487583.72
1809,-487444.88
1810,-487306.0
1811,-487167.03
1812,-487028.0
1813,-486888.88
1814,-486749.75
1815,-486610.59
1816,-486471.31
1817,-486332.0
1818,-486192.69
1819,-486053.19
1820,-485913.75
1821,-485774.19
1822,-485634.69
1823,-485495.0
1824,-485355.28
1825,-485215.53
1826,-485075.69
1827,-484935.84
1828,-484795.91
1829,-484655.97
1830,-484515.91
1831,-484375.81
1832,-484235.69
1833,-484095.44
1834,-483955.19
1835,-483814.84
1836,-483674.47
1837,-483533.97
1838,-483393.44
1839,-483252.88
1840,-483112.28
1841,-482971.59
1842,-482830.88
1843,-482690.09
1844,-482549.19
1845,-482408.31
1846,-482267.31
1847,-482126.25
1848,-481985.19
1849,-481844.03
1850,-481702.84
1851,-481561.56
1852,-481420.25
1853,-481278.88
1854,-481137.41
1855,-480995.91
1856,-480854.41
1857,-480712.72
1858,-480571.12
1859,-480429.38
1860,-480287.59
1861,-480145.75
1862,-480003.88
1863,-479861.91
1864,-479719.91
1865,-479577.81
1866,-479435.69
1867,-479293.44
1868,-479151.19
1869,-479008.97
1870,-478866.56
1871,-478724.16
1872,-478581.69
1873,-478439.12
1874,-478296.56
1875,-478153.91
1876,-478011.19
1877,-477868.47
1878,-477725.69
1879,-477582.75
1880,-477439.84
1881,-477296.84
1882,-477153.75
1883,-477010.62
1884,-476867.44
1885,-476724.25
1886,-476580.97
1887,-476437.62
1888,-476294.25
1889,-476150.75
1890,-476007.19
1891,-475863.59
1892,-475720.0
1893,-475576.31
1894,-475432.56
1895,-475288.75
1896,-475144.88
1897,-475000.97
1898,-474856.97
1899,-474712.97
1900,-474568.88
1901,-474424.72
1902,-474280.47
1903,-474136.25
1904,-473991.91
1905,-473847.53
1906,-473703.09
1907,-473558.59
1908,-473414.0
1909,-473269.44
1910,-473124.75
1911,-472979.97
1912,-472835.19
1913,-472690.41
1914,-472545.47
1915,-472400.47
1916,-472255.53
1917,-472110.41
1918,-471965.19
1919,-471820.03
1920,-471674.72
1921,-471529.41
1922,-471384.0
1923,-471238.56
1924,-471093.03
1925,-470947.47
1926,-470801.88
1927,-470656.16
1928,-470510.44
1929,-470364.62
1930,-470218.75
1931,-470072.84
1932,-469926.91
1933,-469780.84
1934,-469634.72
1935,-469488.59
1936,-469342.38
1937,-469196.09
1938,-469049.75
1939,-468903.41
1940,-468756.97
1941,-468610.44
1942,-468463.91
1943,-468317.19
1944,-468170.53
1945,-468023.84
1946,-467877.03
1947,-467730.25
1948,-467583.28
1949,-467436.28
1950,-467289.28
1951,-467142.25
1952,-466995.03
1953,-466847.88
1954,-466700.62
1955,-466553.38
1956,-466406.0
1957,-466258.53
1958,-466111.03
1959,-465963.47
1960,-465815.91
1961,-465668.25
1962,-465520.56
1963,-465372.75
1964,-465224.88
1965,-465076.97
1966,-464929.03
1967,-464781.0
1968,-464632.91
1969,-464484.81
1970,-464336.56
1971,-464188.28
1972,-464040.0
1973,-463891.59
1974,-463743.12
1975,-463594.59
1976,-463446.03
1977,-463297.38
1978,-463148.69
1979,-462999.91
1980,-462851.09
1981,-462702.19
1982,-462553.25
1983,-462404.25
1984,-462255.19
1985,-462106.09
1986,-461956.88
1987,-461807.59
1988,-461658.31
1989,-461508.97
1990,-461359.56
1991,-461210.09
1992,-461060.56
1993,-460911.0
1994,-460761.31
1995,-460611.59
1996,-460461.84
1997,-460312.0
1998,-460162.09
1999,-460012.16
2000,-459862.12
2001,-459712.03
2002,-459561.97
2003,-459411.72
2004,-459261.47
2005,-459111.16
2006,-458960.81
2007,-458810.38
2008,-458659.84
2009,-458509.38
2010,-458358.75
2011,-458208.03
2012,-458057.28
2013,-457906.47
2014,-457755.62
2015,-457604.72
2016,-457453.75
2017,-457302.69
2018,-457151.62
2019,-457000.44
2020,-456849.19
2021,-456697.91
2022,-456546.56
2023,-456395.12
2024,-456243.69
2025,-456092.16
2026,-455940.56
2027,-455788.91
2028,-455637.12
2029,-455485.41
2030,-455333.53
2031,-455181.59
2032,-455029.59
2033,-454877.59
2034,-454725.53
2035,-454573.38
2036,-454421.16
2037,-454268.88
2038,-454116.59
2039,-453964.16
2040,-453811.75
2041,-453659.25
2042,-453506.62
2043,-453354.0
2044,-453201.31
2045,-453048.59
2046,-452895.75
2047,-452742.97
2048,-452590.09
2049,-452437.03
2050,-452284.0
2051,-452130.91
2052,-451977.75
2053,-451824.56
2054,-451671.28
2055,-451518.0
2056,-451364.59
2057,-451211.12
2058,-451057.62
2059,-450904.09
2060,-450750.47
2061,-450596.81
2062,-450443.03
2063,-450289.25
2064,-450135.31
2065,-449981.44
2066,-449827.44
2067,-449673.38
2068,-449519.28
2069,-449365.12
2070,-449210.88
2071,-449056.62
2072,-448902.31
2073,-448747.91
2074,-448593.44
2075,-448438.88
2076,-448284.31
2077,-448129.69
2078,-447974.97
2079,-447820.19
2080,-447665.41
2081,-447510.47
2082,-447355.56
2083,-447200.56
2084,-447045.53
2085,-446890.38
2086,-446735.12
2087,-446579.91
2088,-446424.56
2089,-446269.16
2090,-446113.75
2091,-445958.25
2092,-445802.72
2093,-445647.03
2094,-445491.38
2095,-445335.59
2096,-445179.84
2097,-445023.97
2098,-444868.0
2099,-444712.0
2100,-444555.97
2101,-444399.88
2102,-444243.72
2103,-444087.44
2104,-443931.16
2105,-443774.81
2106,-443618.38
2107,-443461.88
2108,-443305.31
2109,-443148.72
2110,-442992.09
2111,-442835.31
2112,-442678.47
2113,-442521.69
2114,-442364.72
2115,-442207.75
2116,-442050.75
2117,-441893.62
2118,-441736.47
2119,-441579.28
2120,-441422.09
2121,-441264.75
2122,-441107.38
2123,-440949.91
2124,-440792.41
2125,-440634.75
2126,-440477.19
2127,-440319.47
2128,-440161.75
2129,-440003.91
2130,-439846.09
2131,-439688.12
2132,-439530.16
2133,-439372.09
2134,-439214.0
2135,-439055.75
2136,-438897.56
2137,-438739.28
2138,-438580.88
2139,-438422.47
2140,-438263.91
2141,-438105.41
2142,-437946.81
2143,-437788.09
2144,-437629.38
2145,-437470.56
2146,-437311.72
2147,-437152.75
2148,-436993.81
2149,-436834.72
2150,-436675.69
2151,-436516.47
2152,-436357.25
2153,-436197.91
2154,-436038.56
2155,-435879.16
2156,-435719.69
2157,-435560.12
2158,-435400.47
2159,-435240.88
2160,-435081.12
2161,-434921.38
2162,-434761.53
2163,-434601.53
2164,-434441.59
2165,-434281.53
2166,-434121.44
2167,-433961.31
2168,-433801.12
2169,-433640.81
2170,-433480.44
2171,-433320.09
2172,-433159.62
2173,-432999.12
2174,-432838.56
2175,-432677.91
2176,-432517.19
2177,-432356.44
2178,-432195.59
2179,-432034.75
2180,-431873.84
2181,-431712.81
2182,-431551.75
2183,-431390.62
2184,-431229.47
2185,-431068.25
2186,-430906.97
2187,-430745.59
2188,-430584.16
2189,-430422.62
2190,-430261.09
2191,-430099.44
2192,-429937.81
2193,-429776.09
2194,-429614.25
2195,-429452.41
2196,-429290.47
2197,-429128.44
2198,-428966.44
2199,-428804.31
2200,-428642.16
2201,-428479.97
2202,-428317.69
2203,-428155.38
2204,-427992.88
2205,-427830.41
2206,-427667.91
2207,-427505.31
2208,-427342.69
2209,-427179.91
2210,-427017.16
2211,-426854.31
2212,-426691.38
2213,-426528.41
2214,-426365.38
2215,-426202.25
2216,-426039.12
2217,-425875.88
2218,-425712.62
2219,-425549.19
2220,-425385.84
2221,-425222.41
2222,-425058.88
2223,-424895.28
2224,-424731.62
2225,-424567.91
2226,-424404.19
2227,-424240.41
2228,-424076.53
2229,-423912.56
2230,-423748.47
2231,-423584.47
2232,-423420.41
2233,-423256.25
2234,-423091.91
2235,-422927.69
2236,-422763.28
2237,-422598.88
2238,-422434.38
2239,-422269.84
2240,-422105.28
2241,-421940.56
2242,-421775.88
2243,-421611.03
2244,-421446.25
2245,-421281.28
2246,-421116.41
2247,-420951.38
2248,-420786.28
2249,-420621.09
2250,-420455.88
2251,-420290.62
2252,-420125.28
2253,-419959.88
2254,-419794.44
2255,-419628.91
2256,-419463.31
2257,-419297.69
2258,-419131.97
2259,-418966.16
2260,-418800.31
2261,-418634.41
2262,-418468.44
2263,-418302.41
2264,-418136.31
2265,-417970.12
2266,-417803.91
2267,-417637.69
2268,-417471.38
2269,-417304.91
2270,-417138.47
2271,-416972.0
2272,-416805.38
2273,-416638.75
2274,-416472.09
2275,-416305.31
2276,-416138.53
2277,-415971.69
2278,-415804.72
2279,-415637.69
2280,-415470.69
2281,-415303.56
2282,-415136.44
2283,-414969.25
2284,-414801.91
2285,-414634.56
2286,-414467.19
2287,-414299.72
2288,-414132.16
2289,-413964.62
2290,-413796.97
2291,-413629.28
2292,-413461.47
2293,-413293.59
2294,-413125.75
2295,-412957.75
2296,-412789.75
2297,-412621.69
2298,-412453.56
2299,-412285.38
2300,-412117.12
2301,-411948.81
2302,-411780.41
2303,-411611.97
2304,-411443.44
2305,-411274.88
2306,-411106.28
2307,-410937.56
2308,-410768.84
2309,-410600.0
2310,-410431.19
2311,-410262.25
2312,-410093.28
2313,-409924.19
2314,-409755.03
2315,-409585.91
2316,-409416.72
2317,-409247.44
2318,-409078.09
2319,-408908.69
2320,-408739.19
2321,-408569.62
2322,-408400.09
2323,-408230.41
2324,-408060.72
2325,-407890.97
2326,-407721.09
2327,-407551.16
2328,-407381.28
2329,-407211.25
2330,-407041.12
2331,-406871.03
2332,-406700.81
2333,-406530.53
2334,-406360.25
2335,-406189.84
2336,-406019.41
2337,-405848.91
2338,-405678.31
2339,-405507.75
2340,-405337.03
2341,-405166.38
2342,-404995.53
2343,-404824.72
2344,-404653.75
2345,-404482.81
2346,-404311.75
2347,-404140.62
2348,-403969.53
2349,-403798.31
2350,-403627.03
2351,-403455.69
2352,-403284.31
2353,-403112.88
2354,-402941.38
2355,-402769.75
2356,-402598.09
2357,-402426.47
2358,-402254.62
2359,-402082.81
2360,-401910.97
2361,-401739.0
2362,-401567.0
2363,-401394.88
2364,-401222.81
2365,-401050.62
2366,-400878.41
2367,-400706.03
2368,-400533.72
2369,-400361.28
2370,-400188.84
2371,-400016.25
2372,-399843.69
2373,-399670.97
2374,-399498.25
2375,-399325.44
2376,-399152.59
2377,-398979.72
2378,-398806.81
2379,-398633.72
2380,-398460.62
2381,-398287.47
2382,-398114.31
2383,-397941.03
2384,-397767.69
2385,-397594.38
2386,-397420.97
2387,-397247.47
2388,-397073.91
2389,-396900.31
2390,-396726.62
2391,-396552.88
2392,-396379.12
2393,-396205.28
2394,-396031.31
2395,-395857.38
2396,-395683.38
2397,-395509.25
2398,-395335.12
2399,-395160.88
2400,-394986.59
2401,-394812.28
2402,-394637.91
2403,-394463.44
2404,-394288.91
2405,-394114.41
2406,-393939.75
2407,-393765.09
2408,-393590.31
2409,-393415.47
2410,-393240.56
2411,-393065.69
2412,-392890.72
2413,-392715.62
2414,-392540.56
2415,-392365.38
2416,-392190.16
2417,-392014.88
2418,-391839.56
2419,-391664.16
2420,-391488.72
2421,-391313.19
2422,-391137.62
2423,-390962.0
2424,-390786.31
2425,-390610.56
2426,-390434.72
2427,-390258.81
2428,-390082.88
2429,-389906.84
2430,-389730.81
2431,-389554.62
2432,-389378.47
2433,-389202.25
2434,-389025.91
2435,-388849.56
2436,-388673.12
2437,-388496.69
2438,-388320.12
2439,-388143.56
2440,-387966.88
2441,-387790.19
2442,-387613.44
2443,-387436.59
2444,-387259.72
2445,-387082.81
2446,-386905.75
2447,-386728.72
2448,-386551.59
2449,-386374.44
2450,-386197.19
2451,-386019.91
2452,-385842.59
2453,-385665.19
2454,-385487.75
2455,-385310.25
2456,-385132.69
2457,-384955.03
2458,-384777.31
2459,-384599.62
2460,-384421.75
2461,-384243.91
2462,-384066.0
2463,-383888.03
2464,-383710.03
2465,-383531.91
2466,-383353.75
2467,-383175.59
2468,-382997.31
2469,-382819.03
2470,-382640.59
2471,-382462.19
2472,-382283.72
2473,-382105.16
2474,-381926.56
2475,-381747.88
2476,-381569.19
2477,-381390.41
2478,-381211.59
2479,-381032.69
2480,-380853.75
2481,-380674.72
2482,-380495.62
2483,-380316.47
2484,-380137.28
2485,-379958.03
2486,-379778.72
2487,-379599.28
2488,-379419.84
2489,-379240.38
2490,-379060.84
2491,-378881.19
2492,-378701.53
2493,-378521.81
2494,-378342.0
2495,-378162.12
2496,-377982.25
2497,-377802.25
2498,-377622.25
2499,-377442.19
2500,-377262.03
2501,-377081.84
2502,-376901.59
2503,-376721.28
2504,-376540.91
2505,-376360.53
2506,-376180.03
2507,-375999.47
2508,-375818.91
2509,-375638.28
2510,-375457.59
2511,-375276.88
2512,-375096.09
2513,-374915.19
2514,-374734.31
2515,-374553.31
2516,-374372.31
2517,-374191.25
2518,-374010.09
2519,-373828.88
2520,-373647.59
2521,-373466.31
2522,-373284.97
2523,-373103.53
2524,-372922.03
2525,-372740.53
2526,-372558.88
2527,-372377.25
2528,-372195.53
2529,-372013.81
2530,-371832.0
2531,-371650.09
2532,-371468.16
2533,-371286.19
2534,-371104.16
2535,-370922.03
2536,-370739.88
2537,-370557.69
2538,-370375.41
2539,-370193.03
2540,-370010.72
2541,-369828.31
2542,-369645.81
2543,-369463.19
2544,-369280.62
2545,-369097.97
2546,-368915.28
2547,-368732.47
2548,-368549.62
2549,-368366.75
2550,-368183.84
2551,-368000.81
2552,-367817.81
2553,-367634.69
2554,-367451.53
2555,-367268.28
2556,-367085.03
2557,-366901.69
2558,-366718.31
2559,-366534.88
2560,-366351.41
2561,-366167.84
2562,-365984.25
2563,-365800.56
2564,-365616.84
2565,-365433.12
2566,-365249.38
2567,-365065.44
2568,-364881.59
2569,-364697.56
2570,-364513.56
2571,-364329.47
2572,-364145.38
2573,-363961.19
2574,-363776.97
2575,-363592.69
2576,-363408.31
2577,-363223.97
2578,-363039.53
2579,-362855.03
2580,-362670.47
2581,-362485.91
2582,-362301.25
2583,-362116.56
2584,-361931.81
2585,-361746.97
2586,-361562.12
2587,-361377.19
2588,-361192.25
2589,-361007.28
2590,-360822.16
2591,-360637.03
2592,-360451.88
2593,-360266.62
2594,-360081.41
2595,-359896.03
2596,-359710.72
2597,-359525.28
2598,-359339.72
2599,-359154.19
2600,-358968.59
2601,-358783.0
2602,-358597.31
2603,-358411.59
2604,-358225.81
2605,-358039.91
2606,-357854.09
2607,-357668.12
2608,-357482.09
2609,-357296.09
2610,-357109.97
2611,-356923.84
2612,-356737.62
2613,-356551.38
2614,-356365.09
2615,-356178.75
2616,-355992.41
2617,-355805.88
2618,-355619.47
2619,-355432.88
2620,-355246.31
2621,-355059.69
2622,-354873.03
2623,-354686.28
2624,-354499.56
2625,-354312.72
2626,-354125.88
2627,-353938.97
2628,-353752.0
2629,-353564.97
2630,-353377.91
2631,-353190.72
2632,-353003.59
2633,-352816.41
2634,-352629.12
2635,-352441.81
2636,-352254.47
2637,-352067.03
2638,-351879.53
2639,-351692.03
2640,-351504.44
2641,-351316.81
2642,-351129.12
2643,-350941.44
2644,-350753.62
2645,-350565.75
2646,-350377.91
2647,-350190.0
2648,-350002.0
2649,-349813.97
2650,-349625.88
2651,-349437.75
2652,-349249.59
2653,-349061.38
2654,-348873.09
2655,-348684.81
2656,-348496.41
2657,-348307.97
2658,-348119.53
2659,-347931.03
2660,-347742.47
2661,-347553.88
2662,-347365.25
2663,-347176.56
2664,-346987.84
2665,-346799.0
2666,-346610.25
2667,-346421.38
2668,-346232.47
2669,-346043.53
2670,-345854.53
2671,-345665.47
2672,-345476.41
2673,-345287.31
2674,-345098.12
2675,-344908.91
2676,-344719.69
2677,-344530.41
2678,-344341.03
2679,-344151.69
2680,-343962.25
2681,-343772.75
2682,-343583.28
2683,-343393.72
2684,-343204.16
2685,-343014.53
2686,-342824.84
2687,-342635.12
2688,-342445.41
2689,-342255.59
2690,-342065.72
2691,-341875.84
2692,-341685.91
2693,-341496.0
2694,-341306.0
2695,-341115.91
2696,-340925.84
2697,-340735.69
2698,-340545.56
2699,-340355.38
2700,-340165.12
2701,-339974.81
2702,-339784.53
2703,-339594.09
2704,-339403.72
2705,-339213.28
2706,-339022.81
2707,-338832.28
2708,-338641.72
2709,-338451.12
2710,-338260.44
2711,-338069.75
2712,-337879.0
2713,-337688.25
2714,-337497.41
2715,-337306.56
2716,-337115.62
2717,-336924.72
2718,-336733.72
2719,-336542.69
2720,-336351.69
2721,-336160.56
2722,-335969.41
2723,-335778.25
2724,-335587.0
2725,-335395.72
2726,-335204.41
2727,-335013.09
2728,-334821.75
2729,-334630.34
2730,-334438.91
2731,-334247.41
2732,-334055.91
2733,-333864.38
2734,-333672.81
2735,-333481.16
2736,-333289.53
2737,-333097.84
2738,-332906.12
2739,-332714.38
2740,-332522.56
2741,-332330.75
2742,-332138.91
2743,-331947.0
2744,-331755.06
2745,-331563.12
2746,-331371.09
2747,-331179.06
2748,-330986.97
2749,-330794.88
2750,-330602.69
2751,-330410.53
2752,-330218.34
2753,-330026.12
2754,-329833.81
2755,-329641.53
2756,-329449.16
2757,-329256.81
2758,-329064.38
2759,-328871.97
2760,-328679.47
2761,-328486.97
2762,-328294.41
2763,-328101.88
2764,-327909.25
2765,-327716.59
2766,-327523.91
2767,-327331.22
2768,-327138.5
2769,-326945.69
2770,-326752.88
2771,-326560.06
2772,-326367.19
2773,-326174.28
2774,-325981.38
2775,-325788.38
2776,-325595.38
2777,-325402.38
2778,-325209.28
2779,-325016.19
2780,-324823.09
2781,-324629.91
2782,-324436.75
2783,-324243.56
2784,-324050.31
2785,-323857.0
2786,-323663.69
2787,-323470.38
2788,-323277.0
2789,-323083.59
2790,-322890.19
2791,-322696.75
2792,-322503.28
2793,-322309.72
2794,-322116.19
2795,-321922.62
2796,-321729.09
2797,-321535.44
2798,-321341.84
2799,-321148.12
2800,-320954.47
2801,-320760.75
2802,-320567.03
2803,-320373.25
2804,-320179.44
2805,-319985.62
2806,-319791.81
2807,-319597.91
2808,-319404.03
2809,-319210.09
2810,-319016.19
2811,-318822.22
2812,-318628.25
2813,-318434.25
2814,-318240.22
2815,-318046.16
2816,-317852.09
2817,-317657.97
2818,-317463.81
2819,-317269.66
2820,-317075.47
2821,-316881.25
2822,-316687.03
2823,-316492.81
2824,-316298.47
2825,-316104.19
2826,-315909.88
2827,-315715.53
2828,-315521.19
2829,-315326.78
2830,-315132.41
2831,-314937.97
2832,-314743.59
2833,-314549.09
2834,-314354.62
2835,-314160.16
2836,-313965.62
2837,-313771.09
2838,-313576.56
2839,-313381.97
2840,-313187.38
2841,-312992.75
2842,-312798.12
2843,-312603.47
2844,-312408.81
2845,-312214.09
2846,-312019.41
2847,-311824.69
2848,-311629.97
2849,-311435.19
2850,-311240.41
2851,-311045.59
2852,-310850.81
2853,-310655.97
2854,-310461.16
2855,-310266.28
2856,-310071.44
2857,-309876.53
2858,-309681.62
2859,-309486.69
2860,-309291.75
2861,-309096.81
2862,-308901.81
2863,-308706.84
2864,-308511.84
2865,-308316.81
2866,-308121.75
2867,-307926.72
2868,-307731.69
2869,-307536.59
2870,-307341.53
2871,-307146.41
2872,-306951.28
2873,-306756.16
2874,-306560.97
2875,-306365.81
2876,-306170.62
2877,-305975.44
2878,-305780.19
2879,-305584.97
2880,-305389.69
2881,-305194.44
2882,-304999.12
2883,-304803.81
2884,-304608.5
2885,-304413.16
2886,-304217.81
2887,-304022.38
2888,-303827.0
2889,-303631.56
2890,-303436.16
2891,-303240.72
2892,-303045.28
2893,-302849.81
2894,-302654.31
2895,-302458.81
2896,-302263.34
2897,-302067.81
2898,-301872.31
2899,-301676.75
2900,-301481.25
2901,-301285.69
2902,-301090.12
2903,-300894.56
2904,-300698.97
2905,-300503.38
2906,-300307.75
2907,-300112.12
2908,-299916.53
2909,-299720.88
2910,-299525.19
2911,-299329.5
2912,-299133.81
2913,-298938.12
2914,-298742.38
2915,-298546.69
2916,-298350.97
2917,-298155.25
2918,-297959.47
2919,-297763.75
2920,-297567.97
2921,-297372.19
2922,-297176.44
2923,-296980.62
2924,-296784.88
2925,-296589.09
2926,-296393.28
2927,-296197.47
2928,-296001.66
2929,-295805.84
2930,-295610.03
2931,-295414.19
2932,-295218.38
2933,-295022.53
2934,-294826.69
2935,-294630.81
2936,-294434.91
2937,-294239.03
2938,-294043.12
2939,-293847.28
2940,-293651.41
2941,-293455.5
2942,-293259.56
2943,-293063.66
2944,-292867.75
2945,-292671.81
2946,-292475.88
2947,-292279.97
2948,-292084.03
2949,-291888.12
2950,-291692.19
2951,-291496.22
2952,-291300.25
2953,-291104.31
2954,-290908.38
2955,-290712.44
2956,-290516.5
2957,-290320.53
2958,-290124.56
2959,-289928.62
2960,-289732.69
2961,-289536.72
2962,-289340.75
2963,-289144.81
2964,-288948.84
2965,-288752.88
2966,-288556.88
2967,-288360.91
2968,-288164.97
2969,-287969.03
2970,-287773.03
2971,-287577.09
2972,-287381.12
2973,-287185.19
2974,-286989.22
2975,-286793.28
2976,-286597.38
2977,-286401.38
2978,-286205.44
2979,-286009.5
2980,-285813.56
2981,-285617.59
2982,-285421.69
2983,-285225.75
2984,-285029.81
2985,-284833.88
2986,-284637.97
2987,-284442.09
2988,-284246.12
2989,-284050.25
2990,-283854.38
2991,-283658.47
2992,-283462.56
2993,-283266.66
2994,-283070.78
2995,-282874.91
2996,-282679.03
2997,-282483.12
2998,-282287.25
2999,-282091.44
3000,-281895.56
3001,-281699.69
3002,-281503.84
3003,-281308.0
3004,-281112.16
3005,-280916.31
3006,-280720.47
3007,-280524.66
3008,-280328.88
3009,-280133.03
3010,-279937.22
3011,-279741.41
3012,-279545.59
3013,-279349.84
3014,-279154.03
3015,-278958.25
3016,-278762.5
3017,-278566.75
3018,-278371.0
3019,-278175.28
3020,-277979.56
3021,-277783.84
3022,-277588.16
3023,-277392.47
3024,-277196.78
3025,-277001.09
3026,-276805.44
3027,-276609.75
3028,-276414.09
3029,-276218.47
3030,-276022.84
3031,-275827.19
3032,-275631.56
3033,-275435.97
3034,-275240.34
3035,-275044.75
3036,-274849.16
3037,-274653.59
3038,-274458.0
3039,-274262.44
3040,-274066.88
3041,-273871.34
3042,-273675.81
3043,-273480.28
3044,-273284.78
3045,-273089.25
3046,-272893.75
3047,-272698.31
3048,-272502.81
3049,-272307.31
3050,-272111.88
3051,-271916.41
3052,-271720.94
3053,-271525.5
3054,-271330.12
3055,-271134.69
3056,-270939.31
3057,-270743.91
3058,-270548.53
3059,-270353.12
3060,-270157.75
3061,-269962.41
3062,-269767.06
3063,-269571.72
3064,-269376.41
3065,-269181.09
3066,-268985.75
3067,-268790.47
3068,-268595.19
3069,-268399.88
3070,-268204.62
3071,-268009.41
3072,-267814.16
3073,-267618.97
3074,-267423.75
3075,-267228.59
3076,-267033.41
3077,-266838.25
3078,-266643.12
3079,-266448.0
3080,-266252.88
3081,-266057.75
3082,-265862.72
3083,-265667.62
3084,-265472.56
3085,-265277.5
3086,-265082.47
3087,-264887.44
3088,-264692.44
3089,-264497.44
3090,-264302.44
3091,-264107.53
3092,-263912.56
3093,-263717.69
3094,-263522.81
3095,-263327.97
3096,-263133.09
3097,-262938.28
3098,-262743.47
3099,-262548.72
3100,-262353.91
3101,-262159.19
3102,-261964.48
3103,-261769.8
3104,-261575.12
3105,-261380.48
3106,-261185.88
3107,-260991.28
3108,-260796.72
3109,-260602.2
3110,-260407.69
3111,-260213.22
3112,-260018.73
3113,-259824.3
3114,-259629.88
3115,-259435.48
3116,-259241.12
3117,-259046.8
3118,-258852.52
3119,-258658.22
3120,-258463.95
3121,-258269.72
3122,-258075.52
3123,-257881.3
3124,-257687.16
3125,-257493.0
3126,-257298.91
3127,-257104.8
3128,-256910.73
3129,-256716.72
3130,-256522.7
3131,-256328.72
3132,-256134.77
3133,-255940.88
3134,-255746.95
3135,-255553.09
3136,-255359.27
3137,-255165.42
3138,-254971.66
3139,-254777.88
3140,-254584.12
3141,-254390.41
3142,-254196.66
3143,-254002.98
3144,-253809.34
3145,-253615.7
3146,-253422.09
3147,-253228.52
3148,-253034.98
3149,-252841.44
3150,-252647.94
3151,-252454.48
3152,-252261.05
3153,-252067.62
3154,-251874.23
3155,-251680.91
3156,-251487.56
3157,-251294.27
3158,-251101.0
3159,-250907.8
3160,-250714.59
3161,-250521.45
3162,-250328.36
3163,-250135.27
3164,-249942.22
3165,-249749.22
3166,-249556.23
3167,-249363.28
3168,-249170.36
3169,-248977.5
3170,-248784.69
3171,-248591.84
3172,-248399.09
3173,-248206.38
3174,-248013.69
3175,-247821.0
3176,-247628.36
3177,-247435.78
3178,-247243.27
3179,-247050.77
3180,-246858.27
3181,-246665.8
3182,-246473.41
3183,-246281.06
3184,-246088.7
3185,-245896.38
3186,-245704.08
3187,-245511.86
3188,-245319.69
3189,-245127.48
3190,-244935.41
3191,-244743.31
3192,-244551.3
3193,-244359.28
3194,-244167.28
3195,-243975.36
3196,-243783.52
3197,-243591.66
3198,-243399.84
3199,-243208.09
3200,-243016.36
3201,-242824.7
3202,-242633.05
3203,-242441.45
3204,-242249.92
3205,-242058.41
3206,-241866.92
3207,-241675.5
3208,-241484.09
3209,-241292.72
3210,-241101.44
3211,-240910.14
3212,-240718.92
3213,-240527.69
3214,-240336.52
3215,-240145.36
3216,-239954.28
3217,-239763.2
3218,-239572.2
3219,-239381.23
3220,-239190.28
3221,-238999.42
3222,-238808.58
3223,-238617.77
3224,-238427.0
3225,-238236.23
3226,-238045.58
3227,-237854.94
3228,-237664.36
3229,-237473.78
3230,-237283.28
3231,-237092.81
3232,-236902.36
3233,-236711.98
3234,-236521.64
3235,-236331.28
3236,-236141.06
3237,-235950.84
3238,-235760.66
3239,-235570.48
3240,-235380.44
3241,-235190.38
3242,-235000.36
3243,-234810.38
3244,-234620.41
3245,-234430.52
3246,-234240.69
3247,-234050.84
3248,-233861.08
3249,-233671.36
3250,-233481.69
3251,-233292.05
3252,-233102.44
3253,-232912.88
3254,-232723.41
3255,-232533.94
3256,-232344.55
3257,-232155.19
3258,-231965.88
3259,-231776.64
3260,-231587.44
3261,-231398.28
3262,-231209.2
3263,-231020.12
3264,-230831.09
3265,-230642.12
3266,-230453.22
3267,-230264.34
3268,-230075.55
3269,-229886.73
3270,-229698.05
3271,-229509.36
3272,-229320.73
3273,-229132.2
3274,-228943.69
3275,-228755.2
3276,-228566.8
3277,-228378.45
3278,-228190.14
3279,-228001.88
3280,-227813.7
3281,-227625.56
3282,-227437.44
3283,-227249.42
3284,-227061.44
3285,-226873.52
3286,-226685.59
3287,-226497.8
3288,-226310.02
3289,-226122.3
3290,-225934.62
3291,-225747.02
3292,-225559.48
3293,-225371.95
3294,-225184.5
3295,-224997.09
3296,-224809.73
3297,-224622.45
3298,-224435.23
3299,-224248.05
3300,-224060.95
3301,-223873.91
3302,-223686.92
3303,-223500.0
3304,-223313.14
3305,-223126.31
3306,-222939.56
3307,-222752.84
3308,-222566.19
3309,-222379.59
3310,-222193.05
3311,-222006.59
3312,-221820.16
3313,-221633.84
3314,-221447.52
3315,-221261.28
3316,-221075.08
3317,-220888.92
3318,-220702.88
3319,-220516.88
3320,-220330.94
3321,-220145.05
3322,-219959.23
3323,-219773.44
3324,-219587.77
3325,-219402.09
3326,-219216.52
3327,-219030.98
3328,-218845.5
3329,-218660.09
3330,-218474.73
3331,-218289.44
3332,-218104.2
3333,-217919.0
3334,-217733.92
3335,-217548.81
3336,-217363.84
3337,-217178.86
3338,-216994.05
3339,-216809.22
3340,-216624.48
3341,-216439.77
3342,-216255.16
3343,-216070.59
3344,-215886.08
3345,-215701.64
3346,-215517.3
3347,-215332.98
3348,-215148.77
3349,-214964.59
3350,-214780.48
3351,-214596.44
3352,-214412.48
3353,-214228.58
3354,-214044.73
3355,-213860.95
3356,-213677.23
3357,-213493.59
3358,-213310.05
3359,-213126.52
3360,-212943.08
3361,-212759.7
3362,-212576.41
3363,-212393.14
3364,-212209.98
3365,-212026.86
3366,-211843.84
3367,-211660.84
3368,-211477.94
3369,-211295.12
3370,-211112.34
3371,-210929.64
3372,-210747.02
3373,-210564.48
3374,-210382.0
3375,-210199.58
3376,-210017.23
3377,-209834.98
3378,-209652.77
3379,-209470.66
3380,-209288.58
3381,-209106.58
3382,-208924.69
3383,-208742.84
3384,-208561.08
3385,-208379.36
3386,-208197.77
3387,-208016.2
3388,-207834.72
3389,-207653.31
3390,-207472.0
3391,-207290.69
3392,-207109.48
3393,-206928.36
3394,-206747.3
3395,-206566.31
3396,-206385.38
3397,-206204.52
3398,-206023.77
3399,-205843.05
3400,-205662.44
3401,-205481.88
3402,-205301.42
3403,-205121.06
3404,-204940.77
3405,-204760.52
3406,-204580.41
3407,-204400.31
3408,-204220.34
3409,-204040.41
3410,-203860.58
3411,-203680.81
3412,-203501.12
3413,-203321.52
3414,-203142.0
3415,-202962.55
3416,-202783.16
3417,-202603.86
3418,-202424.64
3419,-202245.52
3420,-202066.48
3421,-201887.52
3422,-201708.64
3423,-201529.84
3424,-201351.16
3425,-201172.52
3426,-200994.0
3427,-200815.52
3428,-200637.16
3429,-200458.86
3430,-200280.64
3431,-200102.52
3432,-199924.48
3433,-199746.48
3434,-199568.59
3435,-199390.8
3436,-199213.06
3437,-199035.44
3438,-198857.88
3439,-198680.41
3440,-198503.02
3441,-198325.7
3442,-198148.48
3443,-197971.34
3444,-197794.28
3445,-197617.28
3446,-197440.36
3447,-197263.52
3448,-197086.77
3449,-196910.08
3450,-196733.48
3451,-196556.95
3452,-196380.52
3453,-196204.19
3454,-196027.95
3455,-195851.8
3456,-195675.7
3457,-195499.72
3458,-195323.8
3459,-195147.95
3460,-194972.22
3461,-194796.55
3462,-194620.95
3463,-194445.45
3464,-194270.02
3465,-194094.72
3466,-193919.45
3467,-193744.28
3468,-193569.23
3469,-193394.27
3470,-193219.36
3471,-193044.55
3472,-192869.84
3473,-192695.19
3474,-192520.64
3475,-192346.2
3476,-192171.84
3477,-191997.56
3478,-191823.36
3479,-191649.23
3480,-191475.23
3481,-191301.31
3482,-191127.44
3483,-190953.69
3484,-190780.0
3485,-190606.41
3486,-190432.91
3487,-190259.5
3488,-190086.2
3489,-189912.95
3490,-189739.84
3491,-189566.8
3492,-189393.84
3493,-189220.95
3494,-189048.2
3495,-188875.55
3496,-188702.95
3497,-188530.44
3498,-188358.08
3499,-188185.78
3500,-188013.56
3501,-187841.45
3502,-187669.44
3503,-187497.52
3504,-187325.69
3505,-187153.95
3506,-186982.31
3507,-186810.77
3508,-186639.31
3509,-186467.95
3510,-186296.69
3511,-186125.55
3512,-185954.48
3513,-185783.55
3514,-185612.59
3515,-185441.84
3516,-185271.14
3517,-185100.55
3518,-184930.06
3519,-184759.66
3520,-184589.36
3521,-184419.19
3522,-184249.08
3523,-184079.09
3524,-183909.2
3525,-183739.36
3526,-183569.69
3527,-183400.06
3528,-183230.55
3529,-183061.16
3530,-182891.84
3531,-182722.64
3532,-182553.52
3533,-182384.52
3534,-182215.64
3535,-182046.81
3536,-181878.12
3537,-181709.52
3538,-181541.0
3539,-181372.62
3540,-181204.31
3541,-181036.09
3542,-180868.0
3543,-180700.0
3544,-180532.12
3545,-180364.28
3546,-180196.56
3547,-180028.94
3548,-179861.42
3549,-179694.0
3550,-179526.66
3551,-179359.44
3552,-179192.34
3553,-179025.3
3554,-178858.41
3555,-178691.56
3556,-178524.88
3557,-178358.23
3558,-178191.72
3559,-178025.3
3560,-177859.0
3561,-177692.77
3562,-177526.64
3563,-177360.66
3564,-177194.73
3565,-177028.92
3566,-176863.27
3567,-176697.66
3568,-176532.16
3569,-176366.77
3570,-176201.5
3571,-176036.3
3572,-175871.23
3573,-175706.28
3574,-175541.42
3575,-175376.66
3576,-175212.02
3577,-175047.48
3578,-174883.05
3579,-174718.73
3580,-174554.55
3581,-174390.45
3582,-174226.48
3583,-174062.59
3584,-173898.84
3585,-173735.16
3586,-173571.59
3587,-173408.16
3588,-173244.8
3589,-173081.52
3590,-172918.38
3591,-172755.31
3592,-172592.36
3593,-172429.55
3594,-172266.8
3595,-172104.16
3596,-171941.62
3597,-171779.2
3598,-171616.88
3599,-171454.69
3600,-171292.58
3601,-171130.58
3602,-170968.69
3603,-170806.88
3604,-170645.2
3605,-170483.64
3606,-170322.16
3607,-170160.8
3608,-169999.55
3609,-169838.41
3610,-169677.34
3611,-169516.42
3612,-169355.58
3613,-169194.84
3614,-169034.23
3615,-168873.72
3616,-168713.36
3617,-168553.05
3618,-168392.86
3619,-168232.8
3620,-168072.86
3621,-167913.02
3622,-167753.28
3623,-167593.66
3624,-167434.19
3625,-167274.81
3626,-167115.55
3627,-166956.38
3628,-166797.34
3629,-166638.42
3630,-166479.61
3631,-166320.92
3632,-166162.34
3633,-166003.88
3634,-165845.52
3635,-165687.25
3636,-165529.09
3637,-165371.05
3638,-165213.12
3639,-165055.3
3640,-164897.56
3641,-164739.98
3642,-164582.48
3643,-164425.14
3644,-164267.86
3645,-164110.72
3646,-163953.69
3647,-163796.77
3648,-163639.95
3649,-163483.27
3650,-163326.7
3651,-163170.27
3652,-163013.94
3653,-162857.77
3654,-162701.69
3655,-162545.73
3656,-162389.92
3657,-162234.22
3658,-162078.62
3659,-161923.16
3660,-161767.83
3661,-161612.62
3662,-161457.55
3663,-161302.56
3664,-161147.72
3665,-160992.98
3666,-160838.41
3667,-160683.92
3668,-160529.56
3669,-160375.34
3670,-160221.23
3671,-160067.25
3672,-159913.36
3673,-159759.62
3674,-159605.98
3675,-159452.48
3676,-159299.08
3677,-159145.8
3678,-158992.66
3679,-158839.66
3680,-158686.75
3681,-158533.95
3682,-158381.31
3683,-158228.8
3684,-158076.41
3685,-157924.09
3686,-157771.94
3687,-157619.91
3688,-157467.98
3689,-157316.2
3690,-157164.53
3691,-157013.0
3692,-156861.59
3693,-156710.28
3694,-156559.12
3695,-156408.05
3696,-156257.12
3697,-156106.3
3698,-155955.62
3699,-155805.06
3700,-155654.62
3701,-155504.33
3702,-155354.16
3703,-155204.11
3704,-155054.19
3705,-154904.39
3706,-154754.72
3707,-154605.16
3708,-154455.75
3709,-154306.44
3710,-154157.28
3711,-154008.27
3712,-153859.34
3713,-153710.58
3714,-153561.92
3715,-153413.39
3716,-153265.0
3717,-153116.7
3718,-152968.56
3719,-152820.55
3720,-152672.66
3721,-152524.88
3722,-152377.23
3723,-152229.73
3724,-152082.34
3725,-151935.12
3726,-151788.0
3727,-151641.02
3728,-151494.16
3729,-151347.44
3730,-151200.83
3731,-151054.36
3732,-150908.02
3733,-150761.81
3734,-150615.72
3735,-150469.77
3736,-150323.94
3737,-150178.23
3738,-150032.67
3739,-149887.23
3740,-149741.94
3741,-149596.78
3742,-149451.75
3743,-149306.84
3744,-149162.08
3745,-149017.45
3746,-148872.95
3747,-148728.59
3748,-148584.38
3749,-148440.3
3750,-148296.33
3751,-148152.48
3752,-148008.8
3753,-147865.23
3754,-147721.78
3755,-147578.47
3756,-147435.3
3757,-147292.23
3758,-147149.31
3759,-147006.52
3760,-146863.84
3761,-146721.3
3762,-146578.91
3763,-146436.66
3764,-146294.52
3765,-146152.53
3766,-146010.69
3767,-145868.95
3768,-145727.34
3769,-145585.91
3770,-145444.59
3771,-145303.42
3772,-145162.41
3773,-145021.52
3774,-144880.78
3775,-144740.19
3776,-144599.72
3777,-144459.38
3778,-144319.19
3779,-144179.12
3780,-144039.2
3781,-143899.44
3782,-143759.8
3783,-143620.3
3784,-143480.92
3785,-143341.69
3786,-143202.61
3787,-143063.66
3788,-142924.84
3789,-142786.16
3790,-142647.62
3791,-142509.22
3792,-142370.98
3793,-142232.86
3794,-142094.88
3795,-141957.05
3796,-141819.38
3797,-141681.8
3798,-141544.38
3799,-141407.11
3800,-141269.98
3801,-141132.97
3802,-140996.12
3803,-140859.41
3804,-140722.81
3805,-140586.41
3806,-140450.09
3807,-140313.95
3808,-140177.95
3809,-140042.09
3810,-139906.42
3811,-139770.84
3812,-139635.45
3813,-139500.19
3814,-139365.06
3815,-139230.08
3816,-139095.27
3817,-138960.58
3818,-138826.06
3819,-138691.7
3820,-138557.48
3821,-138423.39
3822,-138289.45
3823,-138155.69
3824,-138022.05
3825,-137888.56
3826,-137755.23
3827,-137622.05
3828,-137488.98
3829,-137356.08
3830,-137223.33
3831,-137090.72
3832,-136958.25
3833,-136825.95
3834,-136693.8
3835,-136561.78
3836,-136429.91
3837,-136298.19
3838,-136166.59
3839,-136035.19
3840,-135903.94
3841,-135772.81
3842,-135641.88
3843,-135511.06
3844,-135380.42
3845,-135249.91
3846,-135119.55
3847,-134989.31
3848,-134859.27
3849,-134729.36
3850,-134599.62
3851,-134470.02
3852,-134340.58
3853,-134211.28
3854,-134082.12
3855,-133953.12
3856,-133824.28
3857,-133695.58
3858,-133567.02
3859,-133438.61
3860,-133310.34
3861,-133182.25
3862,-133054.3
3863,-132926.48
3864,-132798.84
3865,-132671.34
3866,-132544.0
3867,-132416.8
3868,-132289.75
3869,-132162.84
3870,-132036.09
3871,-131909.48
3872,-131783.02
3873,-131656.72
3874,-131530.55
3875,-131404.55
3876,-131278.66
3877,-131152.94
3878,-131027.36
3879,-130901.94
3880,-130776.7
3881,-130651.58
3882,-130526.64
3883,-130401.84
3884,-130277.2
3885,-130152.7
3886,-130028.37
3887,-129904.19
3888,-129780.16
3889,-129656.28
3890,-129532.56
3891,-129409.0
3892,-129285.6
3893,-129162.36
3894,-129039.29
3895,-128916.36
3896,-128793.59
3897,-128670.96
3898,-128548.49
3899,-128426.16
3900,-128303.98
3901,-128181.95
3902,-128060.08
3903,-127938.36
3904,-127816.8
3905,-127695.38
3906,-127574.14
3907,-127453.04
3908,-127332.1
3909,-127211.31
3910,-127090.68
3911,-126970.21
3912,-126849.87
3913,-126729.69
3914,-126609.66
3915,-126489.79
3916,-126370.08
3917,-126250.49
3918,-126131.06
3919,-126011.8
3920,-125892.68
3921,-125773.73
3922,-125654.94
3923,-125536.28
3924,-125417.8
3925,-125299.46
3926,-125181.26
3927,-125063.22
3928,-124945.36
3929,-124827.64
3930,-124710.08
3931,-124592.68
3932,-124475.4
3933,-124358.3
3934,-124241.34
3935,-124124.56
3936,-124007.9
3937,-123891.44
3938,-123775.1
3939,-123658.93
3940,-123542.91
3941,-123427.03
3942,-123311.31
3943,-123195.74
3944,-123080.34
3945,-122965.1
3946,-122850.0
3947,-122735.05
3948,-122620.26
3949,-122505.61
3950,-122391.13
3951,-122276.79
3952,-122162.6
3953,-122048.57
3954,-121934.7
3955,-121820.97
3956,-121707.41
3957,-121593.99
3958,-121480.72
3959,-121367.62
3960,-121254.66
3961,-121141.86
3962,-121029.23
3963,-120916.74
3964,-120804.42
3965,-120692.23
3966,-120580.21
3967,-120468.33
3968,-120356.62
3969,-120245.04
3970,-120133.63
3971,-120022.36
3972,-119911.24
3973,-119800.26
3974,-119689.44
3975,-119578.76
3976,-119468.26
3977,-119357.9
3978,-119247.69
3979,-119137.65
3980,-119027.76
3981,-118918.02
3982,-118808.46
3983,-118699.06
3984,-118589.8
3985,-118480.72
3986,-118371.77
3987,-118263.0
3988,-118154.38
3989,-118045.93
3990,-117937.62
3991,-117829.44
3992,-117721.42
3993,-117613.56
3994,-117505.84
3995,-117398.25
3996,-117290.82
3997,-117183.53
3998,-117076.38
3999,-116969.38
