-1,-665508.75
0,-718112.75
1,-874809.25
2,-718683.75
3,-874809.25
4,-718683.75
5,-874809.25
6,-718683.75
7,-874809.25
8,-718683.75
9,-874809.25
10,-718683.75
11,-874809.25
12,-718683.75
13,-874809.25
14,-718683.75
15,-874809.25
16,-718683.75
17,-874809.25
18,-718683.75
19,-874809.25
20,-718683.75
21,-874809.25
22,-718683.75
23,-874809.25
24,-718683.75
25,-874809.25
26,-718683.75
27,-874809.25
28,-718683.75
29,-874809.25
30,-718683.75
31,-874809.25
32,-718683.75
33,-874809.25
34,-718683.75
35,-874809.25
36,-718683.75
37,-874809.25
38,-718683.75
39,-874809.25
40,-718683.75
41,-874809.25
42,-718683.75
43,-874809.25
44,-718683.75
45,-874809.25
46,-718683.75
47,-874809.25
48,-718683.75
49,-874809.25
50,-718683.75
51,-874809.25
52,-718683.75
53,-874809.25
54,-718683.75
55,-874809.25
56,-718683.75
57,-874809.25
58,-718683.75
59,-874809.25
60,-718683.75
61,-874809.25
62,-718683.75
63,-874809.25
64,-718683.75
65,-874809.25
66,-718683.75
67,-874809.25
68,-718683.75
69,-874809.25
70,-718683.75
71,-874809.25
72,-718683.75
73,-874809.25
74,-718683.75
75,-874809.25
76,-718683.75
77,-874809.25
78,-718683.75
79,-874809.25
80,-718683.75
81,-874809.25
82,-718683.75
83,-874809.25
84,-718683.75
85,-874809.25
86,-718683.75
87,-874809.25
88,-718683.75
89,-874809.25
90,-718683.75
91,-874809.25
92,-718683.75
93,-874809.25
94,-718683.75
95,-874809.25
96,-718683.75
97,-874809.25
98,-718683.75
99,-874809.25
100,-718683.75
101,-874809.25
102,-718683.75
103,-874809.25
104,-718683.75
105,-874809.25
106,-718683.75
107,-874809.25
108,-718683.75
109,-874809.25
110,-718683.75
111,-874809.25
112,-718683.75
113,-874809.25
114,-718683.75
115,-874809.25
116,-718683.75
117,-874809.25
118,-718683.75
119,-874809.25
120,-718683.75
121,-874809.25
122,-718683.75
123,-874809.25
124,-718683.75
125,-874809.25
126,-718683.75
127,-874809.25
128,-718683.75
129,-874809.25
130,-718683.75
131,-874809.25
132,-718683.75
133,-874809.25
134,-718683.75
135,-874809.25
136,-718683.75
137,-874809.25
138,-718683.75
139,-874809.25
140,-718683.75
141,-874809.25
142,-718683.75
143,-874809.25
144,-718683.75
145,-874809.25
146,-718683.75
147,-874809.25
148,-718683.75
149,-874809.25
150,-718683.75
151,-874809.25
152,-718683.75
153,-874809.25
154,-718683.75
155,-874809.25
156,-718683.75
157,-874809.25
158,-718683.75
159,-874809.25
160,-718683.75
161,-874809.25
162,-718683.75
163,-874809.25
164,-718683.75
165,-874809.25
166,-718683.75
167,-874809.25
168,-718683.75
169,-874809.25
170,-718683.75
171,-874809.25
172,-718683.75
173,-874809.25
174,-718683.75
175,-874809.25
176,-718683.75
177,-874809.25
178,-718683.75
179,-874809.25
180,-718683.75
181,-874809.25
182,-718683.75
183,-874809.25
184,-718683.75
185,-874809.25
186,-718683.75
187,-874809.25
188,-718683.75
189,-874809.25
190,-718683.75
191,-874809.25
192,-718683.75
193,-874809.25
194,-718683.75
195,-874809.25
196,-718683.75
197,-874809.25
198,-718683.75
199,-874809.25
200,-718683.75
201,-874809.25
202,-718683.75
203,-874809.25
204,-718683.75
205,-874809.25
206,-718683.75
207,-874809.25
208,-718683.75
209,-874809.25
210,-718683.75
211,-874809.25
212,-718683.75
213,-874809.25
214,-718683.75
215,-874809.25
216,-718683.75
217,-874809.25
218,-718683.75
219,-874809.25
220,-718683.75
221,-874809.25
222,-718683.75
223,-874809.25
224,-718683.75
225,-874809.25
226,-718683.75
227,-874809.25
228,-718683.75
229,-874809.25
230,-718683.75
231,-874809.25
232,-718683.75
233,-874809.25
234,-718683.75
235,-874809.25
236,-718683.75
237,-874809.25
238,-718683.75
239,-874809.25
240,-718683.75
241,-874809.25
242,-718683.75
243,-874809.25
244,-718683.75
245,-874809.25
246,-718683.75
247,-874809.25
248,-718683.75
249,-874809.25
250,-718683.75
251,-874809.25
252,-718683.75
253,-874809.25
254,-718683.75
255,-874809.25
256,-718683.75
257,-874809.25
258,-718683.75
259,-874809.25
260,-718683.75
261,-874809.25
262,-718683.75
263,-874809.25
264,-718683.75
265,-874809.25
266,-718683.75
267,-874809.25
268,-718683.75
269,-874809.25
270,-718683.75
271,-874809.25
272,-718683.75
273,-874809.25
274,-718683.75
275,-874809.25
276,-718683.75
277,-874809.25
278,-718683.75
279,-874809.25
280,-718683.75
281,-874809.25
282,-718683.75
283,-874809.25
284,-718683.75
285,-874809.25
286,-718683.75
287,-874809.25
288,-718683.75
289,-874809.25
290,-718683.75
291,-874809.25
292,-718683.75
293,-874809.25
294,-718683.75
295,-874809.25
296,-718683.75
297,-874809.25
298,-718683.75
299,-874809.25
300,-718683.75
301,-874809.25
302,-718683.75
303,-874809.25
304,-718683.75
305,-874809.25
306,-718683.75
307,-874809.25
308,-718683.75
309,-874809.25
310,-718683.75
311,-874809.25
312,-718683.75
313,-874809.25
314,-718683.75
315,-874809.25
316,-718683.75
317,-874809.25
318,-718683.75
319,-874809.25
320,-718683.75
321,-874809.25
322,-718683.75
323,-874809.25
324,-718683.75
325,-874809.25
326,-718683.75
327,-874809.25
328,-718683.75
329,-874809.25
330,-718683.75
331,-874809.25
332,-718683.75
333,-874809.25
334,-718683.75
335,-874809.25
336,-718683.75
337,-874809.25
338,-718683.75
339,-874809.25
340,-718683.75
341,-874809.25
342,-718683.75
343,-874809.25
344,-718683.75
345,-874809.25
346,-718683.75
347,-874809.25
348,-718683.75
349,-874809.25
350,-718683.75
351,-874809.25
352,-718683.75
353,-874809.25
354,-718683.75
355,-874809.25
356,-718683.75
357,-874809.25
358,-718683.75
359,-874809.25
360,-718683.75
361,-874809.25
362,-718683.75
363,-874809.25
364,-718683.75
365,-874809.25
366,-718683.75
367,-874809.25
368,-718683.75
369,-874809.25
370,-718683.75
371,-874809.25
372,-718683.75
373,-874809.25
374,-718683.75
375,-874809.25
376,-718683.75
377,-874809.25
378,-718683.75
379,-874809.25
380,-718683.75
381,-874809.25
382,-718683.75
383,-874809.25
384,-718683.75
385,-874809.25
386,-718683.75
387,-874809.25
388,-718683.75
389,-874809.25
390,-718683.75
391,-874809.25
392,-718683.75
393,-874809.25
394,-718683.75
395,-874809.25
396,-718683.75
397,-874809.25
398,-718683.75
399,-874809.25
400,-718683.75
401,-874809.25
402,-718683.75
403,-874809.25
404,-718683.75
405,-874809.25
406,-718683.75
407,-874809.25
408,-718683.75
409,-874809.25
410,-718683.75
411,-874809.25
412,-718683.75
413,-874809.25
414,-718683.75
415,-874809.25
416,-718683.75
417,-874809.25
418,-718683.75
419,-874809.25
420,-718683.75
421,-874809.25
422,-718683.75
423,-874809.25
424,-718683.75
425,-874809.25
426,-718683.75
427,-874809.25
428,-718683.75
429,-874809.25
430,-718683.75
431,-874809.25
432,-718683.75
433,-874809.25
434,-718683.75
435,-874809.25
436,-718683.75
437,-874809.25
438,-718683.75
439,-874809.25
440,-718683.75
441,-874809.25
442,-718683.75
443,-874809.25
444,-718683.75
445,-874809.25
446,-718683.75
447,-874809.25
448,-718683.75
449,-874809.25
450,-718683.75
451,-874809.25
452,-718683.75
453,-874809.25
454,-718683.75
455,-874809.25
456,-718683.75
457,-874809.25
458,-718683.75
459,-874809.25
460,-718683.75
461,-874809.25
462,-718683.75
463,-874809.25
464,-718683.75
465,-874809.25
466,-718683.75
467,-874809.25
468,-718683.75
469,-874809.25
470,-718683.75
471,-874809.25
472,-718683.75
473,-874809.25
474,-718683.75
475,-874809.25
476,-718683.75
477,-874809.25
478,-718683.75
479,-874809.25
480,-718683.75
481,-874809.25
482,-718683.75
483,-874809.25
484,-718683.75
485,-874809.25
486,-718683.75
487,-874809.25
488,-718683.75
489,-874809.25
490,-718683.75
491,-874809.25
492,-718683.75
493,-874809.25
494,-718683.75
495,-874809.25
496,-718683.75
497,-874809.25
498,-718683.75
499,-874809.25
500,-718683.75
501,-874809.25
502,-718683.75
503,-874809.25
504,-718683.75
505,-874809.25
506,-718683.75
507,-874809.25
508,-718683.75
509,-874809.25
510,-718683.75
511,-874809.25
512,-718683.75
513,-874809.25
514,-718683.75
515,-874809.25
516,-718683.75
517,-874809.25
518,-718683.75
519,-874809.25
520,-718683.75
521,-874809.25
522,-718683.75
523,-874809.25
524,-718683.75
525,-874809.25
526,-718683.75
527,-874809.25
528,-718683.75
529,-874809.25
530,-718683.75
531,-874809.25
532,-718683.75
533,-874809.25
534,-718683.75
535,-874809.25
536,-718683.75
537,-874809.25
538,-718683.75
539,-874809.25
540,-718683.75
541,-874809.25
542,-718683.75
543,-874809.25
544,-718683.75
545,-874809.25
546,-718683.75
547,-874809.25
548,-718683.75
549,-874809.25
550,-718683.75
551,-874809.25
552,-718683.75
553,-874809.25
554,-718683.75
555,-874809.25
556,-718683.75
557,-874809.25
558,-718683.75
559,-874809.25
560,-718683.75
561,-874809.25
562,-718683.75
563,-874809.25
564,-718683.75
565,-874809.25
566,-718683.75
567,-874809.25
568,-718683.75
569,-874809.25
570,-718683.75
571,-874809.25
572,-718683.75
573,-874809.25
574,-718683.75
575,-874809.25
576,-718683.75
577,-874809.25
578,-718683.75
579,-874809.25
580,-718683.75
581,-874809.25
582,-718683.75
583,-874809.25
584,-718683.75
585,-874809.25
586,-718683.75
587,-874809.25
588,-718683.75
589,-874809.25
590,-718683.75
591,-874809.25
592,-718683.75
593,-874809.25
594,-718683.75
595,-874809.25
596,-718683.75
597,-874809.25
598,-718683.75
599,-874809.25
600,-718683.75
601,-874809.25
602,-718683.75
603,-874809.25
604,-718683.75
605,-874809.25
606,-718683.75
607,-874809.25
608,-718683.75
609,-874809.25
610,-718683.75
611,-874809.25
612,-718683.75
613,-874809.25
614,-718683.75
615,-874809.25
616,-718683.75
617,-874809.25
618,-718683.75
619,-874809.25
620,-718683.75
621,-874809.25
622,-718683.75
623,-874809.25
624,-718683.75
625,-874809.25
626,-718683.75
627,-874809.25
628,-718683.75
629,-874809.25
630,-718683.75
631,-874809.25
632,-718683.75
633,-874809.25
634,-718683.75
635,-874809.25
636,-718683.75
637,-874809.25
638,-718683.75
639,-874809.25
640,-718683.75
641,-874809.25
642,-718683.75
643,-874809.25
644,-718683.75
645,-874809.25
646,-718683.75
647,-874809.25
648,-718683.75
649,-874809.25
650,-718683.75
651,-874809.25
652,-718683.75
653,-874809.25
654,-718683.75
655,-874809.25
656,-718683.75
657,-874809.25
658,-718683.75
659,-874809.25
660,-718683.75
661,-874809.25
662,-718683.75
663,-874809.25
664,-718683.75
665,-874809.25
666,-718683.75
667,-874809.25
668,-718683.75
669,-874809.25
670,-718683.75
671,-874809.25
672,-718683.75
673,-874809.25
674,-718683.75
675,-874809.25
676,-718683.75
677,-874809.25
678,-718683.75
679,-874809.25
680,-718683.75
681,-874809.25
682,-718683.75
683,-874809.25
684,-718683.75
685,-874809.25
686,-718683.75
687,-874809.25
688,-718683.75
689,-874809.25
690,-718683.75
691,-874809.25
692,-718683.75
693,-874809.25
694,-718683.75
695,-874809.25
696,-718683.75
697,-874809.25
698,-718683.75
699,-874809.25
700,-718683.75
701,-874809.25
702,-718683.75
703,-874809.25
704,-718683.75
705,-874809.25
706,-718683.75
707,-874809.25
708,-718683.75
709,-874809.25
710,-718683.75
711,-874809.25
712,-718683.75
713,-874809.25
714,-718683.75
715,-874809.25
716,-718683.75
717,-874809.25
718,-718683.75
719,-874809.25
720,-718683.75
721,-874809.25
722,-718683.75
723,-874809.25
724,-718683.75
725,-874809.25
726,-718683.75
727,-874809.25
728,-718683.75
729,-874809.25
730,-718683.75
731,-874809.25
732,-718683.75
733,-874809.25
734,-718683.75
735,-874809.25
736,-718683.75
737,-874809.25
738,-718683.75
739,-874809.25
740,-718683.75
741,-874809.25
742,-718683.75
743,-874809.25
744,-718683.75
745,-874809.25
746,-718683.75
747,-874809.25
748,-718683.75
749,-874809.25
750,-718683.75
751,-874809.25
752,-718683.75
753,-874809.25
754,-718683.75
755,-874809.25
756,-718683.75
757,-874809.25
758,-718683.75
759,-874809.25
760,-718683.75
761,-874809.25
762,-718683.75
763,-874809.25
764,-718683.75
765,-874809.25
766,-718683.75
767,-874809.25
768,-718683.75
769,-874809.25
770,-718683.75
771,-874809.25
772,-718683.75
773,-874809.25
774,-718683.75
775,-874809.25
776,-718683.75
777,-874809.25
778,-718683.75
779,-874809.25
780,-718683.75
781,-874809.25
782,-718683.75
783,-874809.25
784,-718683.75
785,-874809.25
786,-718683.75
787,-874809.25
788,-718683.75
789,-874809.25
790,-718683.75
791,-874809.25
792,-718683.75
793,-874809.25
794,-718683.75
795,-874809.25
796,-718683.75
797,-874809.25
798,-718683.75
799,-874809.25
800,-718683.75
801,-874809.25
802,-718683.75
803,-874809.25
804,-718683.75
805,-874809.25
806,-718683.75
807,-874809.25
808,-718683.75
809,-874809.25
810,-718683.75
811,-874809.25
812,-718683.75
813,-874809.25
814,-718683.75
815,-874809.25
816,-718683.75
817,-874809.25
818,-718683.75
819,-874809.25
820,-718683.75
821,-874809.25
822,-718683.75
823,-874809.25
824,-718683.75
825,-874809.25
826,-718683.75
827,-874809.25
828,-718683.75
829,-874809.25
830,-718683.75
831,-874809.25
832,-718683.75
833,-874809.25
834,-718683.75
835,-874809.25
836,-718683.75
837,-874809.25
838,-718683.75
839,-874809.25
840,-718683.75
841,-874809.25
842,-718683.75
843,-874809.25
844,-718683.75
845,-874809.25
846,-718683.75
847,-874809.25
848,-718683.75
849,-874809.25
850,-718683.75
851,-874809.25
852,-718683.75
853,-874809.25
854,-718683.75
855,-874809.25
856,-718683.75
857,-874809.25
858,-718683.75
859,-874809.25
860,-718683.75
861,-874809.25
862,-718683.75
863,-874809.25
864,-718683.75
865,-874809.25
866,-718683.75
867,-874809.25
868,-718683.75
869,-874809.25
870,-718683.75
871,-874809.25
872,-718683.75
873,-874809.25
874,-718683.75
875,-874809.25
876,-718683.75
877,-874809.25
878,-718683.75
879,-874809.25
880,-718683.75
881,-874809.25
882,-718683.75
883,-874809.25
884,-718683.75
885,-874809.25
886,-718683.75
887,-874809.25
888,-718683.75
889,-874809.25
890,-718683.75
891,-874809.25
892,-718683.75
893,-874809.25
894,-718683.75
895,-874809.25
896,-718683.75
897,-874809.25
898,-718683.75
899,-874809.25
900,-718683.75
901,-874809.25
902,-718683.75
903,-874809.25
904,-718683.75
905,-874809.25
906,-718683.75
907,-874809.25
908,-718683.75
909,-874809.25
910,-718683.75
911,-874809.25
912,-718683.75
913,-874809.25
914,-718683.75
915,-874809.25
916,-718683.75
917,-874809.25
918,-718683.75
919,-874809.25
920,-718683.75
921,-874809.25
922,-718683.75
923,-874809.25
924,-718683.75
925,-874809.25
926,-718683.75
927,-874809.25
928,-718683.75
929,-874809.25
930,-718683.75
931,-874809.25
932,-718683.75
933,-874809.25
934,-718683.75
935,-874809.25
936,-718683.75
937,-874809.25
938,-718683.75
939,-874809.25
940,-718683.75
941,-874809.25
942,-718683.75
943,-874809.25
944,-718683.75
945,-874809.25
946,-718683.75
947,-874809.25
948,-718683.75
949,-874809.25
950,-718683.75
951,-874809.25
952,-718683.75
953,-874809.25
954,-718683.75
955,-874809.25
956,-718683.75
957,-874809.25
958,-718683.75
959,-874809.25
960,-718683.75
961,-874809.25
962,-718683.75
963,-874809.25
964,-718683.75
965,-874809.25
966,-718683.75
967,-874809.25
968,-718683.75
969,-874809.25
970,-718683.75
971,-874809.25
972,-718683.75
973,-874809.25
974,-718683.75
975,-874809.25
976,-718683.75
977,-874809.25
978,-718683.75
979,-874809.25
980,-718683.75
981,-874809.25
982,-718683.75
983,-874809.25
984,-718683.75
985,-874809.25
986,-718683.75
987,-874809.25
988,-718683.75
989,-874809.25
990,-718683.75
991,-874809.25
992,-718683.75
993,-874809.25
994,-718683.75
995,-874809.25
996,-718683.75
997,-874809.25
998,-718683.75
999,-874809.25
1000,-718683.75
1001,-874809.25
1002,-718683.75
1003,-874809.25
1004,-718683.75
1005,-874809.25
1006,-718683.75
1007,-874809.25
1008,-718683.75
1009,-874809.25
1010,-718683.75
1011,-874809.25
1012,-718683.75
1013,-874809.25
1014,-718683.75
1015,-874809.25
1016,-718683.75
1017,-874809.25
1018,-718683.75
1019,-874809.25
1020,-718683.75
1021,-874809.25
1022,-718683.75
1023,-874809.25
1024,-718683.75
1025,-874809.25
1026,-718683.75
1027,-874809.25
1028,-718683.75
1029,-874809.25
1030,-718683.75
1031,-874809.25
1032,-718683.75
1033,-874809.25
1034,-718683.75
1035,-874809.25
1036,-718683.75
1037,-874809.25
1038,-718683.75
1039,-874809.25
1040,-718683.75
1041,-874809.25
1042,-718683.75
1043,-874809.25
1044,-718683.75
1045,-874809.25
1046,-718683.75
1047,-874809.25
1048,-718683.75
1049,-874809.25
1050,-718683.75
1051,-874809.25
1052,-718683.75
1053,-874809.25
1054,-718683.75
1055,-874809.25
1056,-718683.75
1057,-874809.25
1058,-718683.75
1059,-874809.25
1060,-718683.75
1061,-874809.25
1062,-718683.75
1063,-874809.25
1064,-718683.75
1065,-874809.25
1066,-718683.75
1067,-874809.25
1068,-718683.75
1069,-874809.25
1070,-718683.75
1071,-874809.25
1072,-718683.75
1073,-874809.25
1074,-718683.75
1075,-874809.25
1076,-718683.75
1077,-874809.25
1078,-718683.75
1079,-874809.25
1080,-718683.75
1081,-874809.25
1082,-718683.75
1083,-874809.25
1084,-718683.75
1085,-874809.25
1086,-718683.75
1087,-874809.25
1088,-718683.75
1089,-874809.25
1090,-718683.75
1091,-874809.25
1092,-718683.75
1093,-874809.25
1094,-718683.75
1095,-874809.25
1096,-718683.75
1097,-874809.25
1098,-718683.75
1099,-874809.25
1100,-718683.75
1101,-874809.25
1102,-718683.75
1103,-874809.25
1104,-718683.75
1105,-874809.25
1106,-718683.75
1107,-874809.25
1108,-718683.75
1109,-874809.25
1110,-718683.75
1111,-874809.25
1112,-718683.75
1113,-874809.25
1114,-718683.75
1115,-874809.25
1116,-718683.75
1117,-874809.25
1118,-718683.75
1119,-874809.25
1120,-718683.75
1121,-874809.25
1122,-718683.75
1123,-874809.25
1124,-718683.75
1125,-874809.25
1126,-718683.75
1127,-874809.25
1128,-718683.75
1129,-874809.25
1130,-718683.75
1131,-874809.25
1132,-718683.75
1133,-874809.25
1134,-718683.75
1135,-874809.25
1136,-718683.75
1137,-874809.25
1138,-718683.75
1139,-874809.25
1140,-718683.75
1141,-874809.25
1142,-718683.75
1143,-874809.25
1144,-718683.75
1145,-874809.25
1146,-718683.75
1147,-874809.25
1148,-718683.75
1149,-874809.25
1150,-718683.75
1151,-874809.25
1152,-718683.75
1153,-874809.25
1154,-718683.75
1155,-874809.25
1156,-718683.75
1157,-874809.25
1158,-718683.75
1159,-874809.25
1160,-718683.75
1161,-874809.25
1162,-718683.75
1163,-874809.25
1164,-718683.75
1165,-874809.25
1166,-718683.75
1167,-874809.25
1168,-718683.75
1169,-874809.25
1170,-718683.75
1171,-874809.25
1172,-718683.75
1173,-874809.25
1174,-718683.75
1175,-874809.25
1176,-718683.75
1177,-874809.25
1178,-718683.75
1179,-874809.25
1180,-718683.75
1181,-874809.25
1182,-718683.75
1183,-874809.25
1184,-718683.75
1185,-874809.25
1186,-718683.75
1187,-874809.25
1188,-718683.75
1189,-874809.25
1190,-718683.75
1191,-874809.25
1192,-718683.75
1193,-874809.25
1194,-718683.75
1195,-874809.25
1196,-718683.75
1197,-874809.25
1198,-718683.75
1199,-874809.25
1200,-718683.75
1201,-874809.25
1202,-718683.75
1203,-874809.25
1204,-718683.75
1205,-874809.25
1206,-718683.75
1207,-874809.25
1208,-718683.75
1209,-874809.25
1210,-718683.75
1211,-874809.25
1212,-718683.75
1213,-874809.25
1214,-718683.75
1215,-874809.25
1216,-718683.75
1217,-874809.25
1218,-718683.75
1219,-874809.25
1220,-718683.75
1221,-874809.25
1222,-718683.75
1223,-874809.25
1224,-718683.75
1225,-874809.25
1226,-718683.75
1227,-874809.25
1228,-718683.75
1229,-874809.25
1230,-718683.75
1231,-874809.25
1232,-718683.75
1233,-874809.25
1234,-718683.75
1235,-874809.25
1236,-718683.75
1237,-874809.25
1238,-718683.75
1239,-874809.25
1240,-718683.75
1241,-874809.25
1242,-718683.75
1243,-874809.25
1244,-718683.75
1245,-874809.25
1246,-718683.75
1247,-874809.25
1248,-718683.75
1249,-874809.25
1250,-718683.75
1251,-874809.25
1252,-718683.75
1253,-874809.25
1254,-718683.75
1255,-874809.25
1256,-718683.75
1257,-874809.25
1258,-718683.75
1259,-874809.25
1260,-718683.75
1261,-874809.25
1262,-718683.75
1263,-874809.25
1264,-718683.75
1265,-874809.25
1266,-718683.75
1267,-874809.25
1268,-718683.75
1269,-874809.25
1270,-718683.75
1271,-874809.25
1272,-718683.75
1273,-874809.25
1274,-718683.75
1275,-874809.25
1276,-718683.75
1277,-874809.25
1278,-718683.75
1279,-874809.25
1280,-718683.75
1281,-874809.25
1282,-718683.75
1283,-874809.25
1284,-718683.75
1285,-874809.25
1286,-718683.75
1287,-874809.25
1288,-718683.75
1289,-874809.25
1290,-718683.75
1291,-874809.25
1292,-718683.75
1293,-874809.25
1294,-718683.75
1295,-874809.25
1296,-718683.75
1297,-874809.25
1298,-718683.75
1299,-874809.25
1300,-718683.75
1301,-874809.25
1302,-718683.75
1303,-874809.25
1304,-718683.75
1305,-874809.25
1306,-718683.75
1307,-874809.25
1308,-718683.75
1309,-874809.25
1310,-718683.75
1311,-874809.25
1312,-718683.75
1313,-874809.25
1314,-718683.75
1315,-874809.25
1316,-718683.75
1317,-874809.25
1318,-718683.75
1319,-874809.25
1320,-718683.75
1321,-874809.25
1322,-718683.75
1323,-874809.25
1324,-718683.75
1325,-874809.25
1326,-718683.75
1327,-874809.25
1328,-718683.75
1329,-874809.25
1330,-718683.75
1331,-874809.25
1332,-718683.75
1333,-874809.25
1334,-718683.75
1335,-874809.25
1336,-718683.75
1337,-874809.25
1338,-718683.75
1339,-874809.25
1340,-718683.75
1341,-874809.25
1342,-718683.75
1343,-874809.25
1344,-718683.75
1345,-874809.25
1346,-718683.75
1347,-874809.25
1348,-718683.75
1349,-874809.25
1350,-718683.75
1351,-874809.25
1352,-718683.75
1353,-874809.25
1354,-718683.75
1355,-874809.25
1356,-718683.75
1357,-874809.25
1358,-718683.75
1359,-874809.25
1360,-718683.75
1361,-874809.25
1362,-718683.75
1363,-874809.25
1364,-718683.75
1365,-874809.25
1366,-718683.75
1367,-874809.25
1368,-718683.75
1369,-874809.25
1370,-718683.75
1371,-874809.25
1372,-718683.75
1373,-874809.25
1374,-718683.75
1375,-874809.25
1376,-718683.75
1377,-874809.25
1378,-718683.75
1379,-874809.25
1380,-718683.75
1381,-874809.25
1382,-718683.75
1383,-874809.25
1384,-718683.75
1385,-874809.25
1386,-718683.75
1387,-874809.25
1388,-718683.75
1389,-874809.25
1390,-718683.75
1391,-874809.25
1392,-718683.75
1393,-874809.25
1394,-718683.75
1395,-874809.25
1396,-718683.75
1397,-874809.25
1398,-718683.75
1399,-874809.25
1400,-718683.75
1401,-874809.25
1402,-718683.75
1403,-874809.25
1404,-718683.75
1405,-874809.25
1406,-718683.75
1407,-874809.25
1408,-718683.75
1409,-874809.25
1410,-718683.75
1411,-874809.25
1412,-718683.75
1413,-874809.25
1414,-718683.75
1415,-874809.25
1416,-718683.75
1417,-874809.25
1418,-718683.75
1419,-874809.25
1420,-718683.75
1421,-874809.25
1422,-718683.75
1423,-874809.25
1424,-718683.75
1425,-874809.25
1426,-718683.75
1427,-874809.25
1428,-718683.75
1429,-874809.25
1430,-718683.75
1431,-874809.25
1432,-718683.75
1433,-874809.25
1434,-718683.75
1435,-874809.25
1436,-718683.75
1437,-874809.25
1438,-718683.75
1439,-874809.25
1440,-718683.75
1441,-874809.25
1442,-718683.75
1443,-874809.25
1444,-718683.75
1445,-874809.25
1446,-718683.75
1447,-874809.25
1448,-718683.75
1449,-874809.25
1450,-718683.75
1451,-874809.25
1452,-718683.75
1453,-874809.25
1454,-718683.75
1455,-874809.25
1456,-718683.75
1457,-874809.25
1458,-718683.75
1459,-874809.25
1460,-718683.75
1461,-874809.25
1462,-718683.75
1463,-874809.25
1464,-718683.75
1465,-874809.25
1466,-718683.75
1467,-874809.25
1468,-718683.75
1469,-874809.25
1470,-718683.75
1471,-874809.25
1472,-718683.75
1473,-874809.25
1474,-718683.75
1475,-874809.25
1476,-718683.75
1477,-874809.25
1478,-718683.75
1479,-874809.25
1480,-718683.75
1481,-874809.25
1482,-718683.75
1483,-874809.25
1484,-718683.75
1485,-874809.25
1486,-718683.75
1487,-874809.25
1488,-718683.75
1489,-874809.25
1490,-718683.75
1491,-874809.25
1492,-718683.75
1493,-874809.25
1494,-718683.75
1495,-874809.25
1496,-718683.75
1497,-874809.25
1498,-718683.75
1499,-874809.25
1500,-718683.75
1501,-874809.25
1502,-718683.75
1503,-874809.25
1504,-718683.75
1505,-874809.25
1506,-718683.75
1507,-874809.25
1508,-718683.75
1509,-874809.25
1510,-718683.75
1511,-874809.25
1512,-718683.75
1513,-874809.25
1514,-718683.75
1515,-874809.25
1516,-718683.75
1517,-874809.25
1518,-718683.75
1519,-874809.25
1520,-718683.75
1521,-874809.25
1522,-718683.75
1523,-874809.25
1524,-718683.75
1525,-874809.25
1526,-718683.75
1527,-874809.25
1528,-718683.75
1529,-874809.25
1530,-718683.75
1531,-874809.25
1532,-718683.75
1533,-874809.25
1534,-718683.75
1535,-874809.25
1536,-718683.75
1537,-874809.25
1538,-718683.75
1539,-874809.25
1540,-718683.75
1541,-874809.25
1542,-718683.75
1543,-874809.25
1544,-718683.75
1545,-874809.25
1546,-718683.75
1547,-874809.25
1548,-718683.75
1549,-874809.25
1550,-718683.75
1551,-874809.25
1552,-718683.75
1553,-874809.25
1554,-718683.75
1555,-874809.25
1556,-718683.75
1557,-874809.25
1558,-718683.75
1559,-874809.25
1560,-718683.75
1561,-874809.25
1562,-718683.75
1563,-874809.25
1564,-718683.75
1565,-874809.25
1566,-718683.75
1567,-874809.25
1568,-718683.75
1569,-874809.25
1570,-718683.75
1571,-874809.25
1572,-718683.75
1573,-874809.25
1574,-718683.75
1575,-874809.25
1576,-718683.75
1577,-874809.25
1578,-718683.75
1579,-874809.25
1580,-718683.75
1581,-874809.25
1582,-718683.75
1583,-874809.25
1584,-718683.75
1585,-874809.25
1586,-718683.75
1587,-874809.25
1588,-718683.75
1589,-874809.25
1590,-718683.75
1591,-874809.25
1592,-718683.75
1593,-874809.25
1594,-718683.75
1595,-874809.25
1596,-718683.75
1597,-874809.25
1598,-718683.75
1599,-874809.25
1600,-718683.75
1601,-874809.25
1602,-718683.75
1603,-874809.25
1604,-718683.75
1605,-874809.25
1606,-718683.75
1607,-874809.25
1608,-718683.75
1609,-874809.25
1610,-718683.75
1611,-874809.25
1612,-718683.75
1613,-874809.25
1614,-718683.75
1615,-874809.25
1616,-718683.75
1617,-874809.25
1618,-718683.75
1619,-874809.25
1620,-718683.75
1621,-874809.25
1622,-718683.75
1623,-874809.25
1624,-718683.75
1625,-874809.25
1626,-718683.75
1627,-874809.25
1628,-718683.75
1629,-874809.25
1630,-718683.75
1631,-874809.25
1632,-718683.75
1633,-874809.25
1634,-718683.75
1635,-874809.25
1636,-718683.75
1637,-874809.25
1638,-718683.75
1639,-874809.25
1640,-718683.75
1641,-874809.25
1642,-718683.75
1643,-874809.25
1644,-718683.75
1645,-874809.25
1646,-718683.75
1647,-874809.25
1648,-718683.75
1649,-874809.25
1650,-718683.75
1651,-874809.25
1652,-718683.75
1653,-874809.25
1654,-718683.75
1655,-874809.25
1656,-718683.75
1657,-874809.25
1658,-718683.75
1659,-874809.25
1660,-718683.75
1661,-874809.25
1662,-718683.75
1663,-874809.25
1664,-718683.75
1665,-874809.25
1666,-718683.75
1667,-874809.25
1668,-718683.75
1669,-874809.25
1670,-718683.75
1671,-874809.25
1672,-718683.75
1673,-874809.25
1674,-718683.75
1675,-874809.25
1676,-718683.75
1677,-874809.25
1678,-718683.75
1679,-874809.25
1680,-718683.75
1681,-874809.25
1682,-718683.75
1683,-874809.25
1684,-718683.75
1685,-874809.25
1686,-718683.75
1687,-874809.25
1688,-718683.75
1689,-874809.25
1690,-718683.75
1691,-874809.25
1692,-718683.75
1693,-874809.25
1694,-718683.75
1695,-874809.25
1696,-718683.75
1697,-874809.25
1698,-718683.75
1699,-874809.25
1700,-718683.75
1701,-874809.25
1702,-718683.75
1703,-874809.25
1704,-718683.75
1705,-874809.25
1706,-718683.75
1707,-874809.25
1708,-718683.75
1709,-874809.25
1710,-718683.75
1711,-874809.25
1712,-718683.75
1713,-874809.25
1714,-718683.75
1715,-874809.25
1716,-718683.75
1717,-874809.25
1718,-718683.75
1719,-874809.25
1720,-718683.75
1721,-874809.25
1722,-718683.75
1723,-874809.25
1724,-718683.75
1725,-874809.25
1726,-718683.75
1727,-874809.25
1728,-718683.75
1729,-874809.25
1730,-718683.75
1731,-874809.25
1732,-718683.75
1733,-874809.25
1734,-718683.75
1735,-874809.25
1736,-718683.75
1737,-874809.25
1738,-718683.75
1739,-874809.25
1740,-718683.75
1741,-874809.25
1742,-718683.75
1743,-874809.25
1744,-718683.75
1745,-874809.25
1746,-718683.75
1747,-874809.25
1748,-718683.75
1749,-874809.25
1750,-718683.75
1751,-874809.25
1752,-718683.75
1753,-874809.25
1754,-718683.75
1755,-874809.25
1756,-718683.75
1757,-874809.25
1758,-718683.75
1759,-874809.25
1760,-718683.75
1761,-874809.25
1762,-718683.75
1763,-874809.25
1764,-718683.75
1765,-874809.25
1766,-718683.75
1767,-874809.25
1768,-718683.75
1769,-874809.25
1770,-718683.75
1771,-874809.25
1772,-718683.75
1773,-874809.25
1774,-718683.75
1775,-874809.25
1776,-718683.75
1777,-874809.25
1778,-718683.75
1779,-874809.25
1780,-718683.75
1781,-874809.25
1782,-718683.75
1783,-874809.25
1784,-718683.75
1785,-874809.25
1786,-718683.75
1787,-874809.25
1788,-718683.75
1789,-874809.25
1790,-718683.75
1791,-874809.25
1792,-718683.75
1793,-874809.25
1794,-718683.75
1795,-874809.25
1796,-718683.75
1797,-874809.25
1798,-718683.75
1799,-874809.25
1800,-718683.75
1801,-874809.25
1802,-718683.75
1803,-874809.25
1804,-718683.75
1805,-874809.25
1806,-718683.75
1807,-874809.25
1808,-718683.75
1809,-874809.25
1810,-718683.75
1811,-874809.25
1812,-718683.75
1813,-874809.25
1814,-718683.75
1815,-874809.25
1816,-718683.75
1817,-874809.25
1818,-718683.75
1819,-874809.25
1820,-718683.75
1821,-874809.25
1822,-718683.75
1823,-874809.25
1824,-718683.75
1825,-874809.25
1826,-718683.75
1827,-874809.25
1828,-718683.75
1829,-874809.25
1830,-718683.75
1831,-874809.25
1832,-718683.75
1833,-874809.25
1834,-718683.75
1835,-874809.25
1836,-718683.75
1837,-874809.25
1838,-718683.75
1839,-874809.25
1840,-718683.75
1841,-874809.25
1842,-718683.75
1843,-874809.25
1844,-718683.75
1845,-874809.25
1846,-718683.75
1847,-874809.25
1848,-718683.75
1849,-874809.25
1850,-718683.75
1851,-874809.25
1852,-718683.75
1853,-874809.25
1854,-718683.75
1855,-874809.25
1856,-718683.75
1857,-874809.25
1858,-718683.75
1859,-874809.25
1860,-718683.75
1861,-874809.25
1862,-718683.75
1863,-874809.25
1864,-718683.75
1865,-874809.25
1866,-718683.75
1867,-874809.25
1868,-718683.75
1869,-874809.25
1870,-718683.75
1871,-874809.25
1872,-718683.75
1873,-874809.25
1874,-718683.75
1875,-874809.25
1876,-718683.75
1877,-874809.25
1878,-718683.75
1879,-874809.25
1880,-718683.75
1881,-874809.25
1882,-718683.75
1883,-874809.25
1884,-718683.75
1885,-874809.25
1886,-718683.75
1887,-874809.25
1888,-718683.75
1889,-874809.25
1890,-718683.75
1891,-874809.25
1892,-718683.75
1893,-874809.25
1894,-718683.75
1895,-874809.25
1896,-718683.75
1897,-874809.25
1898,-718683.75
1899,-874809.25
1900,-718683.75
1901,-874809.25
1902,-718683.75
1903,-874809.25
1904,-718683.75
1905,-874809.25
1906,-718683.75
1907,-874809.25
1908,-718683.75
1909,-874809.25
1910,-718683.75
1911,-874809.25
1912,-718683.75
1913,-874809.25
1914,-718683.75
1915,-874809.25
1916,-718683.75
1917,-874809.25
1918,-718683.75
1919,-874809.25
1920,-718683.75
1921,-874809.25
1922,-718683.75
1923,-874809.25
1924,-718683.75
1925,-874809.25
1926,-718683.75
1927,-874809.25
1928,-718683.75
1929,-874809.25
1930,-718683.75
1931,-874809.25
1932,-718683.75
1933,-874809.25
1934,-718683.75
1935,-874809.25
1936,-718683.75
1937,-874809.25
1938,-718683.75
1939,-874809.25
1940,-718683.75
1941,-874809.25
1942,-718683.75
1943,-874809.25
1944,-718683.75
1945,-874809.25
1946,-718683.75
1947,-874809.25
1948,-718683.75
1949,-874809.25
1950,-718683.75
1951,-874809.25
1952,-718683.75
1953,-874809.25
1954,-718683.75
1955,-874809.25
1956,-718683.75
1957,-874809.25
1958,-718683.75
1959,-874809.25
1960,-718683.75
1961,-874809.25
1962,-718683.75
1963,-874809.25
1964,-718683.75
1965,-874809.25
1966,-718683.75
1967,-874809.25
1968,-718683.75
1969,-874809.25
1970,-718683.75
1971,-874809.25
1972,-718683.75
1973,-874809.25
1974,-718683.75
1975,-874809.25
1976,-718683.75
1977,-874809.25
1978,-718683.75
1979,-874809.25
1980,-718683.75
1981,-874809.25
1982,-718683.75
1983,-874809.25
1984,-718683.75
1985,-874809.25
1986,-718683.75
1987,-874809.25
1988,-718683.75
1989,-874809.25
1990,-718683.75
1991,-874809.25
1992,-718683.75
1993,-874809.25
1994,-718683.75
1995,-874809.25
1996,-718683.75
1997,-874809.25
1998,-718683.75
1999,-874809.25
2000,-718683.75
2001,-874809.25
2002,-718683.75
2003,-874809.25
2004,-718683.75
2005,-874809.25
2006,-718683.75
2007,-874809.25
2008,-718683.75
2009,-874809.25
2010,-718683.75
2011,-874809.25
2012,-718683.75
2013,-874809.25
2014,-718683.75
2015,-874809.25
2016,-718683.75
2017,-874809.25
2018,-718683.75
2019,-874809.25
2020,-718683.75
2021,-874809.25
2022,-718683.75
2023,-874809.25
2024,-718683.75
2025,-874809.25
2026,-718683.75
2027,-874809.25
2028,-718683.75
2029,-874809.25
2030,-718683.75
2031,-874809.25
2032,-718683.75
2033,-874809.25
2034,-718683.75
2035,-874809.25
2036,-718683.75
2037,-874809.25
2038,-718683.75
2039,-874809.25
2040,-718683.75
2041,-874809.25
2042,-718683.75
2043,-874809.25
2044,-718683.75
2045,-874809.25
2046,-718683.75
2047,-874809.25
2048,-718683.75
2049,-874809.25
2050,-718683.75
2051,-874809.25
2052,-718683.75
2053,-874809.25
2054,-718683.75
2055,-874809.25
2056,-718683.75
2057,-874809.25
2058,-718683.75
2059,-874809.25
2060,-718683.75
2061,-874809.25
2062,-718683.75
2063,-874809.25
2064,-718683.75
2065,-874809.25
2066,-718683.75
2067,-874809.25
2068,-718683.75
2069,-874809.25
2070,-718683.75
2071,-874809.25
2072,-718683.75
2073,-874809.25
2074,-718683.75
2075,-874809.25
2076,-718683.75
2077,-874809.25
2078,-718683.75
2079,-874809.25
2080,-718683.75
2081,-874809.25
2082,-718683.75
2083,-874809.25
2084,-718683.75
2085,-874809.25
2086,-718683.75
2087,-874809.25
2088,-718683.75
2089,-874809.25
2090,-718683.75
2091,-874809.25
2092,-718683.75
2093,-874809.25
2094,-718683.75
2095,-874809.25
2096,-718683.75
2097,-874809.25
2098,-718683.75
2099,-874809.25
2100,-718683.75
2101,-874809.25
2102,-718683.75
2103,-874809.25
2104,-718683.75
2105,-874809.25
2106,-718683.75
2107,-874809.25
2108,-718683.75
2109,-874809.25
2110,-718683.75
2111,-874809.25
2112,-718683.75
2113,-874809.25
2114,-718683.75
2115,-874809.25
2116,-718683.75
2117,-874809.25
2118,-718683.75
2119,-874809.25
2120,-718683.75
2121,-874809.25
2122,-718683.75
2123,-874809.25
2124,-718683.75
2125,-874809.25
2126,-718683.75
2127,-874809.25
2128,-718683.75
2129,-874809.25
2130,-718683.75
2131,-874809.25
2132,-718683.75
2133,-874809.25
2134,-718683.75
2135,-874809.25
2136,-718683.75
2137,-874809.25
2138,-718683.75
2139,-874809.25
2140,-718683.75
2141,-874809.25
2142,-718683.75
2143,-874809.25
2144,-718683.75
2145,-874809.25
2146,-718683.75
2147,-874809.25
2148,-718683.75
2149,-874809.25
2150,-718683.75
2151,-874809.25
2152,-718683.75
2153,-874809.25
2154,-718683.75
2155,-874809.25
2156,-718683.75
2157,-874809.25
2158,-718683.75
2159,-874809.25
2160,-718683.75
2161,-874809.25
2162,-718683.75
2163,-874809.25
2164,-718683.75
2165,-874809.25
2166,-718683.75
2167,-874809.25
2168,-718683.75
2169,-874809.25
2170,-718683.75
2171,-874809.25
2172,-718683.75
2173,-874809.25
2174,-718683.75
2175,-874809.25
2176,-718683.75
2177,-874809.25
2178,-718683.75
2179,-874809.25
2180,-718683.75
2181,-874809.25
2182,-718683.75
2183,-874809.25
2184,-718683.75
2185,-874809.25
2186,-718683.75
2187,-874809.25
2188,-718683.75
2189,-874809.25
2190,-718683.75
2191,-874809.25
2192,-718683.75
2193,-874809.25
2194,-718683.75
2195,-874809.25
2196,-718683.75
2197,-874809.25
2198,-718683.75
2199,-874809.25
2200,-718683.75
2201,-874809.25
2202,-718683.75
2203,-874809.25
2204,-718683.75
2205,-874809.25
2206,-718683.75
2207,-874809.25
2208,-718683.75
2209,-874809.25
2210,-718683.75
2211,-874809.25
2212,-718683.75
2213,-874809.25
2214,-718683.75
2215,-874809.25
2216,-718683.75
2217,-874809.25
2218,-718683.75
2219,-874809.25
2220,-718683.75
2221,-874809.25
2222,-718683.75
2223,-874809.25
2224,-718683.75
2225,-874809.25
2226,-718683.75
2227,-874809.25
2228,-718683.75
2229,-874809.25
2230,-718683.75
2231,-874809.25
2232,-718683.75
2233,-874809.25
2234,-718683.75
2235,-874809.25
2236,-718683.75
2237,-874809.25
2238,-718683.75
2239,-874809.25
2240,-718683.75
2241,-874809.25
2242,-718683.75
2243,-874809.25
2244,-718683.75
2245,-874809.25
2246,-718683.75
2247,-874809.25
2248,-718683.75
2249,-874809.25
2250,-718683.75
2251,-874809.25
2252,-718683.75
2253,-874809.25
2254,-718683.75
2255,-874809.25
2256,-718683.75
2257,-874809.25
2258,-718683.75
2259,-874809.25
2260,-718683.75
2261,-874809.25
2262,-718683.75
2263,-874809.25
2264,-718683.75
2265,-874809.25
2266,-718683.75
2267,-874809.25
2268,-718683.75
2269,-874809.25
2270,-718683.75
2271,-874809.25
2272,-718683.75
2273,-874809.25
2274,-718683.75
2275,-874809.25
2276,-718683.75
2277,-874809.25
2278,-718683.75
2279,-874809.25
2280,-718683.75
2281,-874809.25
2282,-718683.75
2283,-874809.25
2284,-718683.75
2285,-874809.25
2286,-718683.75
2287,-874809.25
2288,-718683.75
2289,-874809.25
2290,-718683.75
2291,-874809.25
2292,-718683.75
2293,-874809.25
2294,-718683.75
2295,-874809.25
2296,-718683.75
2297,-874809.25
2298,-718683.75
2299,-874809.25
2300,-718683.75
2301,-874809.25
2302,-718683.75
2303,-874809.25
2304,-718683.75
2305,-874809.25
2306,-718683.75
2307,-874809.25
2308,-718683.75
2309,-874809.25
2310,-718683.75
2311,-874809.25
2312,-718683.75
2313,-874809.25
2314,-718683.75
2315,-874809.25
2316,-718683.75
2317,-874809.25
2318,-718683.75
2319,-874809.25
2320,-718683.75
2321,-874809.25
2322,-718683.75
2323,-874809.25
2324,-718683.75
2325,-874809.25
2326,-718683.75
2327,-874809.25
2328,-718683.75
2329,-874809.25
2330,-718683.75
2331,-874809.25
2332,-718683.75
2333,-874809.25
2334,-718683.75
2335,-874809.25
2336,-718683.75
2337,-874809.25
2338,-718683.75
2339,-874809.25
2340,-718683.75
2341,-874809.25
2342,-718683.75
2343,-874809.25
2344,-718683.75
2345,-874809.25
2346,-718683.75
2347,-874809.25
2348,-718683.75
2349,-874809.25
2350,-718683.75
2351,-874809.25
2352,-718683.75
2353,-874809.25
2354,-718683.75
2355,-874809.25
2356,-718683.75
2357,-874809.25
2358,-718683.75
2359,-874809.25
2360,-718683.75
2361,-874809.25
2362,-718683.75
2363,-874809.25
2364,-718683.75
2365,-874809.25
2366,-718683.75
2367,-874809.25
2368,-718683.75
2369,-874809.25
2370,-718683.75
2371,-874809.25
2372,-718683.75
2373,-874809.25
2374,-718683.75
2375,-874809.25
2376,-718683.75
2377,-874809.25
2378,-718683.75
2379,-874809.25
2380,-718683.75
2381,-874809.25
2382,-718683.75
2383,-874809.25
2384,-718683.75
2385,-874809.25
2386,-718683.75
2387,-874809.25
2388,-718683.75
2389,-874809.25
2390,-718683.75
2391,-874809.25
2392,-718683.75
2393,-874809.25
2394,-718683.75
2395,-874809.25
2396,-718683.75
2397,-874809.25
2398,-718683.75
2399,-874809.25
2400,-718683.75
2401,-874809.25
2402,-718683.75
2403,-874809.25
2404,-718683.75
2405,-874809.25
2406,-718683.75
2407,-874809.25
2408,-718683.75
2409,-874809.25
2410,-718683.75
2411,-874809.25
2412,-718683.75
2413,-874809.25
2414,-718683.75
2415,-874809.25
2416,-718683.75
2417,-874809.25
2418,-718683.75
2419,-874809.25
2420,-718683.75
2421,-874809.25
2422,-718683.75
2423,-874809.25
2424,-718683.75
2425,-874809.25
2426,-718683.75
2427,-874809.25
2428,-718683.75
2429,-874809.25
2430,-718683.75
2431,-874809.25
2432,-718683.75
2433,-874809.25
2434,-718683.75
2435,-874809.25
2436,-718683.75
2437,-874809.25
2438,-718683.75
2439,-874809.25
2440,-718683.75
2441,-874809.25
2442,-718683.75
2443,-874809.25
2444,-718683.75
2445,-874809.25
2446,-718683.75
2447,-874809.25
2448,-718683.75
2449,-874809.25
2450,-718683.75
2451,-874809.25
2452,-718683.75
2453,-874809.25
2454,-718683.75
2455,-874809.25
2456,-718683.75
2457,-874809.25
2458,-718683.75
2459,-874809.25
2460,-718683.75
2461,-874809.25
2462,-718683.75
2463,-874809.25
2464,-718683.75
2465,-874809.25
2466,-718683.75
2467,-874809.25
2468,-718683.75
2469,-874809.25
2470,-718683.75
2471,-874809.25
2472,-718683.75
2473,-874809.25
2474,-718683.75
2475,-874809.25
2476,-718683.75
2477,-874809.25
2478,-718683.75
2479,-874809.25
2480,-718683.75
2481,-874809.25
2482,-718683.75
2483,-874809.25
2484,-718683.75
2485,-874809.25
2486,-718683.75
2487,-874809.25
2488,-718683.75
2489,-874809.25
2490,-718683.75
2491,-874809.25
2492,-718683.75
2493,-874809.25
2494,-718683.75
2495,-874809.25
2496,-718683.75
2497,-874809.25
2498,-718683.75
2499,-874809.25
2500,-718683.75
2501,-874809.25
2502,-718683.75
2503,-874809.25
2504,-718683.75
2505,-874809.25
2506,-718683.75
2507,-874809.25
2508,-718683.75
2509,-874809.25
2510,-718683.75
2511,-874809.25
2512,-718683.75
2513,-874809.25
2514,-718683.75
2515,-874809.25
2516,-718683.75
2517,-874809.25
2518,-718683.75
2519,-874809.25
2520,-718683.75
2521,-874809.25
2522,-718683.75
2523,-874809.25
2524,-718683.75
2525,-874809.25
2526,-718683.75
2527,-874809.25
2528,-718683.75
2529,-874809.25
2530,-718683.75
2531,-874809.25
2532,-718683.75
2533,-874809.25
2534,-718683.75
2535,-874809.25
2536,-718683.75
2537,-874809.25
2538,-718683.75
2539,-874809.25
2540,-718683.75
2541,-874809.25
2542,-718683.75
2543,-874809.25
2544,-718683.75
2545,-874809.25
2546,-718683.75
2547,-874809.25
2548,-718683.75
2549,-874809.25
2550,-718683.75
2551,-874809.25
2552,-718683.75
2553,-874809.25
2554,-718683.75
2555,-874809.25
2556,-718683.75
2557,-874809.25
2558,-718683.75
2559,-874809.25
2560,-718683.75
2561,-874809.25
2562,-718683.75
2563,-874809.25
2564,-718683.75
2565,-874809.25
2566,-718683.75
2567,-874809.25
2568,-718683.75
2569,-874809.25
2570,-718683.75
2571,-874809.25
2572,-718683.75
2573,-874809.25
2574,-718683.75
2575,-874809.25
2576,-718683.75
2577,-874809.25
2578,-718683.75
2579,-874809.25
2580,-718683.75
2581,-874809.25
2582,-718683.75
2583,-874809.25
2584,-718683.75
2585,-874809.25
2586,-718683.75
2587,-874809.25
2588,-718683.75
2589,-874809.25
2590,-718683.75
2591,-874809.25
2592,-718683.75
2593,-874809.25
2594,-718683.75
2595,-874809.25
2596,-718683.75
2597,-874809.25
2598,-718683.75
2599,-874809.25
2600,-718683.75
2601,-874809.25
2602,-718683.75
2603,-874809.25
2604,-718683.75
2605,-874809.25
2606,-718683.75
2607,-874809.25
2608,-718683.75
2609,-874809.25
2610,-718683.75
2611,-874809.25
2612,-718683.75
2613,-874809.25
2614,-718683.75
2615,-874809.25
2616,-718683.75
2617,-874809.25
2618,-718683.75
2619,-874809.25
2620,-718683.75
2621,-874809.25
2622,-718683.75
2623,-874809.25
2624,-718683.75
2625,-874809.25
2626,-718683.75
2627,-874809.25
2628,-718683.75
2629,-874809.25
2630,-718683.75
2631,-874809.25
2632,-718683.75
2633,-874809.25
2634,-718683.75
2635,-874809.25
2636,-718683.75
2637,-874809.25
2638,-718683.75
2639,-874809.25
2640,-718683.75
2641,-874809.25
2642,-718683.75
2643,-874809.25
2644,-718683.75
2645,-874809.25
2646,-718683.75
2647,-874809.25
2648,-718683.75
2649,-874809.25
2650,-718683.75
2651,-874809.25
2652,-718683.75
2653,-874809.25
2654,-718683.75
2655,-874809.25
2656,-718683.75
2657,-874809.25
2658,-718683.75
2659,-874809.25
2660,-718683.75
2661,-874809.25
2662,-718683.75
2663,-874809.25
2664,-718683.75
2665,-874809.25
2666,-718683.75
2667,-874809.25
2668,-718683.75
2669,-874809.25
2670,-718683.75
2671,-874809.25
2672,-718683.75
2673,-874809.25
2674,-718683.75
2675,-874809.25
2676,-718683.75
2677,-874809.25
2678,-718683.75
2679,-874809.25
2680,-718683.75
2681,-874809.25
2682,-718683.75
2683,-874809.25
2684,-718683.75
2685,-874809.25
2686,-718683.75
2687,-874809.25
2688,-718683.75
2689,-874809.25
2690,-718683.75
2691,-874809.25
2692,-718683.75
2693,-874809.25
2694,-718683.75
2695,-874809.25
2696,-718683.75
2697,-874809.25
2698,-718683.75
2699,-874809.25
2700,-718683.75
2701,-874809.25
2702,-718683.75
2703,-874809.25
2704,-718683.75
2705,-874809.25
2706,-718683.75
2707,-874809.25
2708,-718683.75
2709,-874809.25
2710,-718683.75
2711,-874809.25
2712,-718683.75
2713,-874809.25
2714,-718683.75
2715,-874809.25
2716,-718683.75
2717,-874809.25
2718,-718683.75
2719,-874809.25
2720,-718683.75
2721,-874809.25
2722,-718683.75
2723,-874809.25
2724,-718683.75
2725,-874809.25
2726,-718683.75
2727,-874809.25
2728,-718683.75
2729,-874809.25
2730,-718683.75
2731,-874809.25
2732,-718683.75
2733,-874809.25
2734,-718683.75
2735,-874809.25
2736,-718683.75
2737,-874809.25
2738,-718683.75
2739,-874809.25
2740,-718683.75
2741,-874809.25
2742,-718683.75
2743,-874809.25
2744,-718683.75
2745,-874809.25
2746,-718683.75
2747,-874809.25
2748,-718683.75
2749,-874809.25
2750,-718683.75
2751,-874809.25
2752,-718683.75
2753,-874809.25
2754,-718683.75
2755,-874809.25
2756,-718683.75
2757,-874809.25
2758,-718683.75
2759,-874809.25
2760,-718683.75
2761,-874809.25
2762,-718683.75
2763,-874809.25
2764,-718683.75
2765,-874809.25
2766,-718683.75
2767,-874809.25
2768,-718683.75
2769,-874809.25
2770,-718683.75
2771,-874809.25
2772,-718683.75
2773,-874809.25
2774,-718683.75
2775,-874809.25
2776,-718683.75
2777,-874809.25
2778,-718683.75
2779,-874809.25
2780,-718683.75
2781,-874809.25
2782,-718683.75
2783,-874809.25
2784,-718683.75
2785,-874809.25
2786,-718683.75
2787,-874809.25
2788,-718683.75
2789,-874809.25
2790,-718683.75
2791,-874809.25
2792,-718683.75
2793,-874809.25
2794,-718683.75
2795,-874809.25
2796,-718683.75
2797,-874809.25
2798,-718683.75
2799,-874809.25
2800,-718683.75
2801,-874809.25
2802,-718683.75
2803,-874809.25
2804,-718683.75
2805,-874809.25
2806,-718683.75
2807,-874809.25
2808,-718683.75
2809,-874809.25
2810,-718683.75
2811,-874809.25
2812,-718683.75
2813,-874809.25
2814,-718683.75
2815,-874809.25
2816,-718683.75
2817,-874809.25
2818,-718683.75
2819,-874809.25
2820,-718683.75
2821,-874809.25
2822,-718683.75
2823,-874809.25
2824,-718683.75
2825,-874809.25
2826,-718683.75
2827,-874809.25
2828,-718683.75
2829,-874809.25
2830,-718683.75
2831,-874809.25
2832,-718683.75
2833,-874809.25
2834,-718683.75
2835,-874809.25
2836,-718683.75
2837,-874809.25
2838,-718683.75
2839,-874809.25
2840,-718683.75
2841,-874809.25
2842,-718683.75
2843,-874809.25
2844,-718683.75
2845,-874809.25
2846,-718683.75
2847,-874809.25
2848,-718683.75
2849,-874809.25
2850,-718683.75
2851,-874809.25
2852,-718683.75
2853,-874809.25
2854,-718683.75
2855,-874809.25
2856,-718683.75
2857,-874809.25
2858,-718683.75
2859,-874809.25
2860,-718683.75
2861,-874809.25
2862,-718683.75
2863,-874809.25
2864,-718683.75
2865,-874809.25
2866,-718683.75
2867,-874809.25
2868,-718683.75
2869,-874809.25
2870,-718683.75
2871,-874809.25
2872,-718683.75
2873,-874809.25
2874,-718683.75
2875,-874809.25
2876,-718683.75
2877,-874809.25
2878,-718683.75
2879,-874809.25
2880,-718683.75
2881,-874809.25
2882,-718683.75
2883,-874809.25
2884,-718683.75
2885,-874809.25
2886,-718683.75
2887,-874809.25
2888,-718683.75
2889,-874809.25
2890,-718683.75
2891,-874809.25
2892,-718683.75
2893,-874809.25
2894,-718683.75
2895,-874809.25
2896,-718683.75
2897,-874809.25
2898,-718683.75
2899,-874809.25
2900,-718683.75
2901,-874809.25
2902,-718683.75
2903,-874809.25
2904,-718683.75
2905,-874809.25
2906,-718683.75
2907,-874809.25
2908,-718683.75
2909,-874809.25
2910,-718683.75
2911,-874809.25
2912,-718683.75
2913,-874809.25
2914,-718683.75
2915,-874809.25
2916,-718683.75
2917,-874809.25
2918,-718683.75
2919,-874809.25
2920,-718683.75
2921,-874809.25
2922,-718683.75
2923,-874809.25
2924,-718683.75
2925,-874809.25
2926,-718683.75
2927,-874809.25
2928,-718683.75
2929,-874809.25
2930,-718683.75
2931,-874809.25
2932,-718683.75
2933,-874809.25
2934,-718683.75
2935,-874809.25
2936,-718683.75
2937,-874809.25
2938,-718683.75
2939,-874809.25
2940,-718683.75
2941,-874809.25
2942,-718683.75
2943,-874809.25
2944,-718683.75
2945,-874809.25
2946,-718683.75
2947,-874809.25
2948,-718683.75
2949,-874809.25
2950,-718683.75
2951,-874809.25
2952,-718683.75
2953,-874809.25
2954,-718683.75
2955,-874809.25
2956,-718683.75
2957,-874809.25
2958,-718683.75
2959,-874809.25
2960,-718683.75
2961,-874809.25
2962,-718683.75
2963,-874809.25
2964,-718683.75
2965,-874809.25
2966,-718683.75
2967,-874809.25
2968,-718683.75
2969,-874809.25
2970,-718683.75
2971,-874809.25
2972,-718683.75
2973,-874809.25
2974,-718683.75
2975,-874809.25
2976,-718683.75
2977,-874809.25
2978,-718683.75
2979,-874809.25
2980,-718683.75
2981,-874809.25
2982,-718683.75
2983,-874809.25
2984,-718683.75
2985,-874809.25
2986,-718683.75
2987,-874809.25
2988,-718683.75
2989,-874809.25
2990,-718683.75
2991,-874809.25
2992,-718683.75
2993,-874809.25
2994,-718683.75
2995,-874809.25
2996,-718683.75
2997,-874809.25
2998,-718683.75
2999,-874809.25
3000,-718683.75
3001,-874809.25
3002,-718683.75
3003,-874809.25
3004,-718683.75
3005,-874809.25
3006,-718683.75
3007,-874809.25
3008,-718683.75
3009,-874809.25
3010,-718683.75
3011,-874809.25
3012,-718683.75
3013,-874809.25
3014,-718683.75
3015,-874809.25
3016,-718683.75
3017,-874809.25
3018,-718683.75
3019,-874809.25
3020,-718683.75
3021,-874809.25
3022,-718683.75
3023,-874809.25
3024,-718683.75
3025,-874809.25
3026,-718683.75
3027,-874809.25
3028,-718683.75
3029,-874809.25
3030,-718683.75
3031,-874809.25
3032,-718683.75
3033,-874809.25
3034,-718683.75
3035,-874809.25
3036,-718683.75
3037,-874809.25
3038,-718683.75
3039,-874809.25
3040,-718683.75
3041,-874809.25
3042,-718683.75
3043,-874809.25
3044,-718683.75
3045,-874809.25
3046,-718683.75
3047,-874809.25
3048,-718683.75
3049,-874809.25
3050,-718683.75
3051,-874809.25
3052,-718683.75
3053,-874809.25
3054,-718683.75
3055,-874809.25
3056,-718683.75
3057,-874809.25
3058,-718683.75
3059,-874809.25
3060,-718683.75
3061,-874809.25
3062,-718683.75
3063,-874809.25
3064,-718683.75
3065,-874809.25
3066,-718683.75
3067,-874809.25
3068,-718683.75
3069,-874809.25
3070,-718683.75
3071,-874809.25
3072,-718683.75
3073,-874809.25
3074,-718683.75
3075,-874809.25
3076,-718683.75
3077,-874809.25
3078,-718683.75
3079,-874809.25
3080,-718683.75
3081,-874809.25
3082,-718683.75
3083,-874809.25
3084,-718683.75
3085,-874809.25
3086,-718683.75
3087,-874809.25
3088,-718683.75
3089,-874809.25
3090,-718683.75
3091,-874809.25
3092,-718683.75
3093,-874809.25
3094,-718683.75
3095,-874809.25
3096,-718683.75
3097,-874809.25
3098,-718683.75
3099,-874809.25
3100,-718683.75
3101,-874809.25
3102,-718683.75
3103,-874809.25
3104,-718683.75
3105,-874809.25
3106,-718683.75
3107,-874809.25
3108,-718683.75
3109,-874809.25
3110,-718683.75
3111,-874809.25
3112,-718683.75
3113,-874809.25
3114,-718683.75
3115,-874809.25
3116,-718683.75
3117,-874809.25
3118,-718683.75
3119,-874809.25
3120,-718683.75
3121,-874809.25
3122,-718683.75
3123,-874809.25
3124,-718683.75
3125,-874809.25
3126,-718683.75
3127,-874809.25
3128,-718683.75
3129,-874809.25
3130,-718683.75
3131,-874809.25
3132,-718683.75
3133,-874809.25
3134,-718683.75
3135,-874809.25
3136,-718683.75
3137,-874809.25
3138,-718683.75
3139,-874809.25
3140,-718683.75
3141,-874809.25
3142,-718683.75
3143,-874809.25
3144,-718683.75
3145,-874809.25
3146,-718683.75
3147,-874809.25
3148,-718683.75
3149,-874809.25
3150,-718683.75
3151,-874809.25
3152,-718683.75
3153,-874809.25
3154,-718683.75
3155,-874809.25
3156,-718683.75
3157,-874809.25
3158,-718683.75
3159,-874809.25
3160,-718683.75
3161,-874809.25
3162,-718683.75
3163,-874809.25
3164,-718683.75
3165,-874809.25
3166,-718683.75
3167,-874809.25
3168,-718683.75
3169,-874809.25
3170,-718683.75
3171,-874809.25
3172,-718683.75
3173,-874809.25
3174,-718683.75
3175,-874809.25
3176,-718683.75
3177,-874809.25
3178,-718683.75
3179,-874809.25
3180,-718683.75
3181,-874809.25
3182,-718683.75
3183,-874809.25
3184,-718683.75
3185,-874809.25
3186,-718683.75
3187,-874809.25
3188,-718683.75
3189,-874809.25
3190,-718683.75
3191,-874809.25
3192,-718683.75
3193,-874809.25
3194,-718683.75
3195,-874809.25
3196,-718683.75
3197,-874809.25
3198,-718683.75
3199,-874809.25
3200,-718683.75
3201,-874809.25
3202,-718683.75
3203,-874809.25
3204,-718683.75
3205,-874809.25
3206,-718683.75
3207,-874809.25
3208,-718683.75
3209,-874809.25
3210,-718683.75
3211,-874809.25
3212,-718683.75
3213,-874809.25
3214,-718683.75
3215,-874809.25
3216,-718683.75
3217,-874809.25
3218,-718683.75
3219,-874809.25
3220,-718683.75
3221,-874809.25
3222,-718683.75
3223,-874809.25
3224,-718683.75
3225,-874809.25
3226,-718683.75
3227,-874809.25
3228,-718683.75
3229,-874809.25
3230,-718683.75
3231,-874809.25
3232,-718683.75
3233,-874809.25
3234,-718683.75
3235,-874809.25
3236,-718683.75
3237,-874809.25
3238,-718683.75
3239,-874809.25
3240,-718683.75
3241,-874809.25
3242,-718683.75
3243,-874809.25
3244,-718683.75
3245,-874809.25
3246,-718683.75
3247,-874809.25
3248,-718683.75
3249,-874809.25
3250,-718683.75
3251,-874809.25
3252,-718683.75
3253,-874809.25
3254,-718683.75
3255,-874809.25
3256,-718683.75
3257,-874809.25
3258,-718683.75
3259,-874809.25
3260,-718683.75
3261,-874809.25
3262,-718683.75
3263,-874809.25
3264,-718683.75
3265,-874809.25
3266,-718683.75
3267,-874809.25
3268,-718683.75
3269,-874809.25
3270,-718683.75
3271,-874809.25
3272,-718683.75
3273,-874809.25
3274,-718683.75
3275,-874809.25
3276,-718683.75
3277,-874809.25
3278,-718683.75
3279,-874809.25
3280,-718683.75
3281,-874809.25
3282,-718683.75
3283,-874809.25
3284,-718683.75
3285,-874809.25
3286,-718683.75
3287,-874809.25
3288,-718683.75
3289,-874809.25
3290,-718683.75
3291,-874809.25
3292,-718683.75
3293,-874809.25
3294,-718683.75
3295,-874809.25
3296,-718683.75
3297,-874809.25
3298,-718683.75
3299,-874809.25
3300,-718683.75
3301,-874809.25
3302,-718683.75
3303,-874809.25
3304,-718683.75
3305,-874809.25
3306,-718683.75
3307,-874809.25
3308,-718683.75
3309,-874809.25
3310,-718683.75
3311,-874809.25
3312,-718683.75
3313,-874809.25
3314,-718683.75
3315,-874809.25
3316,-718683.75
3317,-874809.25
3318,-718683.75
3319,-874809.25
3320,-718683.75
3321,-874809.25
3322,-718683.75
3323,-874809.25
3324,-718683.75
3325,-874809.25
3326,-718683.75
3327,-874809.25
3328,-718683.75
3329,-874809.25
3330,-718683.75
3331,-874809.25
3332,-718683.75
3333,-874809.25
3334,-718683.75
3335,-874809.25
3336,-718683.75
3337,-874809.25
3338,-718683.75
3339,-874809.25
3340,-718683.75
3341,-874809.25
3342,-718683.75
3343,-874809.25
3344,-718683.75
3345,-874809.25
3346,-718683.75
3347,-874809.25
3348,-718683.75
3349,-874809.25
3350,-718683.75
3351,-874809.25
3352,-718683.75
3353,-874809.25
3354,-718683.75
3355,-874809.25
3356,-718683.75
3357,-874809.25
3358,-718683.75
3359,-874809.25
3360,-718683.75
3361,-874809.25
3362,-718683.75
3363,-874809.25
3364,-718683.75
3365,-874809.25
3366,-718683.75
3367,-874809.25
3368,-718683.75
3369,-874809.25
3370,-718683.75
3371,-874809.25
3372,-718683.75
3373,-874809.25
3374,-718683.75
3375,-874809.25
3376,-718683.75
3377,-874809.25
3378,-718683.75
3379,-874809.25
3380,-718683.75
3381,-874809.25
3382,-718683.75
3383,-874809.25
3384,-718683.75
3385,-874809.25
3386,-718683.75
3387,-874809.25
3388,-718683.75
3389,-874809.25
3390,-718683.75
3391,-874809.25
3392,-718683.75
3393,-874809.25
3394,-718683.75
3395,-874809.25
3396,-718683.75
3397,-874809.25
3398,-718683.75
3399,-874809.25
3400,-718683.75
3401,-874809.25
3402,-718683.75
3403,-874809.25
3404,-718683.75
3405,-874809.25
3406,-718683.75
3407,-874809.25
3408,-718683.75
3409,-874809.25
3410,-718683.75
3411,-874809.25
3412,-718683.75
3413,-874809.25
3414,-718683.75
3415,-874809.25
3416,-718683.75
3417,-874809.25
3418,-718683.75
3419,-874809.25
3420,-718683.75
3421,-874809.25
3422,-718683.75
3423,-874809.25
3424,-718683.75
3425,-874809.25
3426,-718683.75
3427,-874809.25
3428,-718683.75
3429,-874809.25
3430,-718683.75
3431,-874809.25
3432,-718683.75
3433,-874809.25
3434,-718683.75
3435,-874809.25
3436,-718683.75
3437,-874809.25
3438,-718683.75
3439,-874809.25
3440,-718683.75
3441,-874809.25
3442,-718683.75
3443,-874809.25
3444,-718683.75
3445,-874809.25
3446,-718683.75
3447,-874809.25
3448,-718683.75
3449,-874809.25
3450,-718683.75
3451,-874809.25
3452,-718683.75
3453,-874809.25
3454,-718683.75
3455,-874809.25
3456,-718683.75
3457,-874809.25
3458,-718683.75
3459,-874809.25
3460,-718683.75
3461,-874809.25
3462,-718683.75
3463,-874809.25
3464,-718683.75
3465,-874809.25
3466,-718683.75
3467,-874809.25
3468,-718683.75
3469,-874809.25
3470,-718683.75
3471,-874809.25
3472,-718683.75
3473,-874809.25
3474,-718683.75
3475,-874809.25
3476,-718683.75
3477,-874809.25
3478,-718683.75
3479,-874809.25
3480,-718683.75
3481,-874809.25
3482,-718683.75
3483,-874809.25
3484,-718683.75
3485,-874809.25
3486,-718683.75
3487,-874809.25
3488,-718683.75
3489,-874809.25
3490,-718683.75
3491,-874809.25
3492,-718683.75
3493,-874809.25
3494,-718683.75
3495,-874809.25
3496,-718683.75
3497,-874809.25
3498,-718683.75
3499,-874809.25
3500,-718683.75
3501,-874809.25
3502,-718683.75
3503,-874809.25
3504,-718683.75
3505,-874809.25
3506,-718683.75
3507,-874809.25
3508,-718683.75
3509,-874809.25
3510,-718683.75
3511,-874809.25
3512,-718683.75
3513,-874809.25
3514,-718683.75
3515,-874809.25
3516,-718683.75
3517,-874809.25
3518,-718683.75
3519,-874809.25
3520,-718683.75
3521,-874809.25
3522,-718683.75
3523,-874809.25
3524,-718683.75
3525,-874809.25
3526,-718683.75
3527,-874809.25
3528,-718683.75
3529,-874809.25
3530,-718683.75
3531,-874809.25
3532,-718683.75
3533,-874809.25
3534,-718683.75
3535,-874809.25
3536,-718683.75
3537,-874809.25
3538,-718683.75
3539,-874809.25
3540,-718683.75
3541,-874809.25
3542,-718683.75
3543,-874809.25
3544,-718683.75
3545,-874809.25
3546,-718683.75
3547,-874809.25
3548,-718683.75
3549,-874809.25
3550,-718683.75
3551,-874809.25
3552,-718683.75
3553,-874809.25
3554,-718683.75
3555,-874809.25
3556,-718683.75
3557,-874809.25
3558,-718683.75
3559,-874809.25
3560,-718683.75
3561,-874809.25
3562,-718683.75
3563,-874809.25
3564,-718683.75
3565,-874809.25
3566,-718683.75
3567,-874809.25
3568,-718683.75
3569,-874809.25
3570,-718683.75
3571,-874809.25
3572,-718683.75
3573,-874809.25
3574,-718683.75
3575,-874809.25
3576,-718683.75
3577,-874809.25
3578,-718683.75
3579,-874809.25
3580,-718683.75
3581,-874809.25
3582,-718683.75
3583,-874809.25
3584,-718683.75
3585,-874809.25
3586,-718683.75
3587,-874809.25
3588,-718683.75
3589,-874809.25
3590,-718683.75
3591,-874809.25
3592,-718683.75
3593,-874809.25
3594,-718683.75
3595,-874809.25
3596,-718683.75
3597,-874809.25
3598,-718683.75
3599,-874809.25
3600,-718683.75
3601,-874809.25
3602,-718683.75
3603,-874809.25
3604,-718683.75
3605,-874809.25
3606,-718683.75
3607,-874809.25
3608,-718683.75
3609,-874809.25
3610,-718683.75
3611,-874809.25
3612,-718683.75
3613,-874809.25
3614,-718683.75
3615,-874809.25
3616,-718683.75
3617,-874809.25
3618,-718683.75
3619,-874809.25
3620,-718683.75
3621,-874809.25
3622,-718683.75
3623,-874809.25
3624,-718683.75
3625,-874809.25
3626,-718683.75
3627,-874809.25
3628,-718683.75
3629,-874809.25
3630,-718683.75
3631,-874809.25
3632,-718683.75
3633,-874809.25
3634,-718683.75
3635,-874809.25
3636,-718683.75
3637,-874809.25
3638,-718683.75
3639,-874809.25
3640,-718683.75
3641,-874809.25
3642,-718683.75
3643,-874809.25
3644,-718683.75
3645,-874809.25
3646,-718683.75
3647,-874809.25
3648,-718683.75
3649,-874809.25
3650,-718683.75
3651,-874809.25
3652,-718683.75
3653,-874809.25
3654,-718683.75
3655,-874809.25
3656,-718683.75
3657,-874809.25
3658,-718683.75
3659,-874809.25
3660,-718683.75
3661,-874809.25
3662,-718683.75
3663,-874809.25
3664,-718683.75
3665,-874809.25
3666,-718683.75
3667,-874809.25
3668,-718683.75
3669,-874809.25
3670,-718683.75
3671,-874809.25
3672,-718683.75
3673,-874809.25
3674,-718683.75
3675,-874809.25
3676,-718683.75
3677,-874809.25
3678,-718683.75
3679,-874809.25
3680,-718683.75
3681,-874809.25
3682,-718683.75
3683,-874809.25
3684,-718683.75
3685,-874809.25
3686,-718683.75
3687,-874809.25
3688,-718683.75
3689,-874809.25
3690,-718683.75
3691,-874809.25
3692,-718683.75
3693,-874809.25
3694,-718683.75
3695,-874809.25
3696,-718683.75
3697,-874809.25
3698,-718683.75
3699,-874809.25
3700,-718683.75
3701,-874809.25
3702,-718683.75
3703,-874809.25
3704,-718683.75
3705,-874809.25
3706,-718683.75
3707,-874809.25
3708,-718683.75
3709,-874809.25
3710,-718683.75
3711,-874809.25
3712,-718683.75
3713,-874809.25
3714,-718683.75
3715,-874809.25
3716,-718683.75
3717,-874809.25
3718,-718683.75
3719,-874809.25
3720,-718683.75
3721,-874809.25
3722,-718683.75
3723,-874809.25
3724,-718683.75
3725,-874809.25
3726,-718683.75
3727,-874809.25
3728,-718683.75
3729,-874809.25
3730,-718683.75
3731,-874809.25
3732,-718683.75
3733,-874809.25
3734,-718683.75
3735,-874809.25
3736,-718683.75
3737,-874809.25
3738,-718683.75
3739,-874809.25
3740,-718683.75
3741,-874809.25
3742,-718683.75
3743,-874809.25
3744,-718683.75
3745,-874809.25
3746,-718683.75
3747,-874809.25
3748,-718683.75
3749,-874809.25
3750,-718683.75
3751,-874809.25
3752,-718683.75
3753,-874809.25
3754,-718683.75
3755,-874809.25
3756,-718683.75
3757,-874809.25
3758,-718683.75
3759,-874809.25
3760,-718683.75
3761,-874809.25
3762,-718683.75
3763,-874809.25
3764,-718683.75
3765,-874809.25
3766,-718683.75
3767,-874809.25
3768,-718683.75
3769,-874809.25
3770,-718683.75
3771,-874809.25
3772,-718683.75
3773,-874809.25
3774,-718683.75
3775,-874809.25
3776,-718683.75
3777,-874809.25
3778,-718683.75
3779,-874809.25
3780,-718683.75
3781,-874809.25
3782,-718683.75
3783,-874809.25
3784,-718683.75
3785,-874809.25
3786,-718683.75
3787,-874809.25
3788,-718683.75
3789,-874809.25
3790,-718683.75
3791,-874809.25
3792,-718683.75
3793,-874809.25
3794,-718683.75
3795,-874809.25
3796,-718683.75
3797,-874809.25
3798,-718683.75
3799,-874809.25
3800,-718683.75
3801,-874809.25
3802,-718683.75
3803,-874809.25
3804,-718683.75
3805,-874809.25
3806,-718683.75
3807,-874809.25
3808,-718683.75
3809,-874809.25
3810,-718683.75
3811,-874809.25
3812,-718683.75
3813,-874809.25
3814,-718683.75
3815,-874809.25
3816,-718683.75
3817,-874809.25
3818,-718683.75
3819,-874809.25
3820,-718683.75
3821,-874809.25
3822,-718683.75
3823,-874809.25
3824,-718683.75
3825,-874809.25
3826,-718683.75
3827,-874809.25
3828,-718683.75
3829,-874809.25
3830,-718683.75
3831,-874809.25
3832,-718683.75
3833,-874809.25
3834,-718683.75
3835,-874809.25
3836,-718683.75
3837,-874809.25
3838,-718683.75
3839,-874809.25
3840,-718683.75
3841,-874809.25
3842,-718683.75
3843,-874809.25
3844,-718683.75
3845,-874809.25
3846,-718683.75
3847,-874809.25
3848,-718683.75
3849,-874809.25
3850,-718683.75
3851,-874809.25
3852,-718683.75
3853,-874809.25
3854,-718683.75
3855,-874809.25
3856,-718683.75
3857,-874809.25
3858,-718683.75
3859,-874809.25
3860,-718683.75
3861,-874809.25
3862,-718683.75
3863,-874809.25
3864,-718683.75
3865,-874809.25
3866,-718683.75
3867,-874809.25
3868,-718683.75
3869,-874809.25
3870,-718683.75
3871,-874809.25
3872,-718683.75
3873,-874809.25
3874,-718683.75
3875,-874809.25
3876,-718683.75
3877,-874809.25
3878,-718683.75
3879,-874809.25
3880,-718683.75
3881,-874809.25
3882,-718683.75
3883,-874809.25
3884,-718683.75
3885,-874809.25
3886,-718683.75
3887,-874809.25
3888,-718683.75
3889,-874809.25
3890,-718683.75
3891,-874809.25
3892,-718683.75
3893,-874809.25
3894,-718683.75
3895,-874809.25
3896,-718683.75
3897,-874809.25
3898,-718683.75
3899,-874809.25
3900,-718683.75
3901,-874809.25
3902,-718683.75
3903,-874809.25
3904,-718683.75
3905,-874809.25
3906,-718683.75
3907,-874809.25
3908,-718683.75
3909,-874809.25
3910,-718683.75
3911,-874809.25
3912,-718683.75
3913,-874809.25
3914,-718683.75
3915,-874809.25
3916,-718683.75
3917,-874809.25
3918,-718683.75
3919,-874809.25
3920,-718683.75
3921,-874809.25
3922,-718683.75
3923,-874809.25
3924,-718683.75
3925,-874809.25
3926,-718683.75
3927,-874809.25
3928,-718683.75
3929,-874809.25
3930,-718683.75
3931,-874809.25
3932,-718683.75
3933,-874809.25
3934,-718683.75
3935,-874809.25
3936,-718683.75
3937,-874809.25
3938,-718683.75
3939,-874809.25
3940,-718683.75
3941,-874809.25
3942,-718683.75
3943,-874809.25
3944,-718683.75
3945,-874809.25
3946,-718683.75
3947,-874809.25
3948,-718683.75
3949,-874809.25
3950,-718683.75
3951,-874809.25
3952,-718683.75
3953,-874809.25
3954,-718683.75
3955,-874809.25
3956,-718683.75
3957,-874809.25
3958,-718683.75
3959,-874809.25
3960,-718683.75
3961,-874809.25
3962,-718683.75
3963,-874809.25
3964,-718683.75
3965,-874809.25
3966,-718683.75
3967,-874809.25
3968,-718683.75
3969,-874809.25
3970,-718683.75
3971,-874809.25
3972,-718683.75
3973,-874809.25
3974,-718683.75
3975,-874809.25
3976,-718683.75
3977,-874809.25
3978,-718683.75
3979,-874809.25
3980,-718683.75
3981,-874809.25
3982,-718683.75
3983,-874809.25
3984,-718683.75
3985,-874809.25
3986,-718683.75
3987,-874809.25
3988,-718683.75
3989,-874809.25
3990,-718683.75
3991,-874809.25
3992,-718683.75
3993,-874809.25
3994,-718683.75
3995,-874809.25
3996,-718683.75
3997,-874809.25
3998,-718683.75
3999,-874809.25
