-1,-665898.75
0,-663720.25
1,-662124.56
2,-660778.81
3,-659576.81
4,-658469.44
5,-657429.06
6,-656438.75
7,-655487.06
8,-654565.69
9,-653668.69
10,-652791.25
11,-651930.19
12,-651082.25
13,-650245.56
14,-649418.19
15,-648598.56
16,-647785.5
17,-646977.81
18,-646174.5
19,-645374.81
20,-644578.06
21,-643783.62
22,-642991.06
23,-642199.81
24,-641409.5
25,-640619.75
26,-639830.31
27,-639040.94
28,-638251.5
29,-637461.75
30,-636671.19
31,-635879.94
32,-635087.62
33,-634294.25
34,-633499.62
35,-632703.56
36,-631906.12
37,-631107.19
38,-630306.75
39,-629504.38
40,-628700.38
41,-627894.5
42,-627086.75
43,-626277.19
44,-625465.5
45,-624651.81
46,-623835.94
47,-623017.62
48,-622197.06
49,-621374.25
50,-620549.12
51,-619721.75
52,-618892.06
53,-618060.25
54,-617226.25
55,-616389.81
56,-615551.12
57,-614710.06
58,-613866.5
59,-613020.31
60,-612171.81
61,-611320.75
62,-610467.19
63,-609611.06
64,-608752.38
65,-607891.12
66,-607027.19
67,-606160.62
68,-605291.62
69,-604419.75
70,-603545.38
71,-602668.38
72,-601788.88
73,-600906.62
74,-600021.81
75,-599134.38
76,-598244.25
77,-597351.44
78,-596456.06
79,-595558.31
80,-594657.94
81,-593754.62
82,-592848.56
83,-591939.62
84,-591027.94
85,-590113.25
86,-589195.69
87,-588275.38
88,-587352.25
89,-586426.31
90,-585497.44
91,-584565.75
92,-583631.25
93,-582693.81
94,-581753.25
95,-580809.94
96,-579863.75
97,-578914.5
98,-577962.19
99,-577007.12
100,-576048.88
101,-575087.5
102,-574123.06
103,-573155.56
104,-572185.0
105,-571211.38
106,-570234.5
107,-569254.62
108,-568271.5
109,-567285.25
110,-566295.81
111,-565303.38
112,-564307.94
113,-563309.44
114,-562307.56
115,-561302.56
116,-560294.06
117,-559282.38
118,-558267.5
119,-557249.44
120,-556227.94
121,-555203.19
122,-554175.06
123,-553143.62
124,-552108.88
125,-551070.88
126,-550029.56
127,-548985.06
128,-547937.19
129,-546886.19
130,-545831.69
131,-544773.62
132,-543712.06
133,-542647.12
134,-541578.62
135,-540506.62
136,-539430.94
137,-538351.81
138,-537269.19
139,-536183.06
140,-535093.44
141,-534000.5
142,-532903.75
143,-531803.38
144,-530699.44
145,-529591.62
146,-528480.12
147,-527365.06
148,-526246.38
149,-525124.25
150,-523998.41
151,-522868.88
152,-521735.38
153,-520598.09
154,-519457.03
155,-518312.31
156,-517163.84
157,-516011.75
158,-514855.69
159,-513695.59
160,-512531.72
161,-511363.91
162,-510192.16
163,-509016.56
164,-507836.59
165,-506652.81
166,-505465.03
167,-504273.59
168,-503078.25
169,-501878.88
170,-500675.72
171,-499468.31
172,-498256.69
173,-497041.03
174,-495821.28
175,-494597.53
176,-493369.75
177,-492138.0
178,-490902.19
179,-489662.16
180,-488417.91
181,-487169.62
182,-485917.03
183,-484660.19
184,-483399.12
185,-482133.75
186,-480864.25
187,-479590.56
188,-478312.47
189,-477030.16
190,-475743.53
191,-474452.62
192,-473157.44
193,-471857.84
194,-470553.88
195,-469245.47
196,-467932.81
197,-466615.81
198,-465294.41
199,-463968.56
200,-462638.03
201,-461303.03
202,-459963.59
203,-458619.84
204,-457271.44
205,-455918.62
206,-454561.19
207,-453199.12
208,-451832.44
209,-450461.41
210,-449085.62
211,-447705.44
212,-446320.56
213,-444931.38
214,-443537.69
215,-442139.44
216,-440736.62
217,-439328.88
218,-437916.28
219,-436498.72
220,-435076.41
221,-433649.38
222,-432217.72
223,-430781.44
224,-429340.47
225,-427894.72
226,-426444.47
227,-424989.31
228,-423529.53
229,-422065.03
230,-420595.88
231,-419121.84
232,-417642.88
233,-416159.19
234,-414670.72
235,-413177.31
236,-411679.38
237,-410176.72
238,-408669.03
239,-407156.47
240,-405638.91
241,-404116.38
242,-402588.88
243,-401056.31
244,-399518.88
245,-397976.25
246,-396429.12
247,-394877.19
248,-393320.31
249,-391758.38
250,-390191.59
251,-388619.97
252,-387043.44
253,-385461.75
254,-383874.97
255,-382283.19
256,-380686.72
257,-379085.28
258,-377478.72
259,-375867.16
260,-374250.72
261,-372629.53
262,-371003.44
263,-369372.09
264,-367735.62
265,-366094.25
266,-364447.59
267,-362795.91
268,-361139.53
269,-359478.41
270,-357812.16
271,-356141.0
272,-354465.16
273,-352784.47
274,-351099.12
275,-349408.88
276,-347713.91
277,-346014.25
278,-344309.38
279,-342599.47
280,-340884.75
281,-339165.38
282,-337440.81
283,-335711.19
284,-333976.94
285,-332238.25
286,-330495.44
287,-328749.09
288,-326999.03
289,-325244.81
290,-323486.47
291,-321724.03
292,-319958.06
293,-318188.31
294,-316414.66
295,-314637.44
296,-312856.75
297,-311073.09
298,-309286.03
299,-307495.75
300,-305702.56
301,-303906.47
302,-302107.34
303,-300304.88
304,-298498.88
305,-296689.66
306,-294877.81
307,-293063.0
308,-291245.38
309,-289424.91
310,-287602.03
311,-285776.47
312,-283948.25
313,-282117.62
314,-280284.56
315,-278449.03
316,-276611.25
317,-274771.38
318,-272929.84
319,-271086.41
320,-269241.25
321,-267394.19
322,-265545.75
323,-263695.69
324,-261844.34
325,-259991.77
326,-258137.92
327,-256282.52
328,-254425.81
329,-252568.09
330,-250709.22
331,-248849.8
332,-246989.69
333,-245128.72
334,-243267.12
335,-241404.84
336,-239542.05
337,-237679.27
338,-235816.56
339,-233954.0
340,-232091.8
341,-230229.55
342,-228367.77
343,-226506.41
344,-224645.45
345,-222785.06
346,-220925.28
347,-219066.34
348,-217208.59
349,-215351.84
350,-213496.34
351,-211642.16
352,-209789.45
353,-207938.36
354,-206089.44
355,-204242.77
356,-202398.66
357,-200556.91
358,-198717.36
359,-196880.2
360,-195045.69
361,-193214.16
362,-191385.72
363,-189560.14
364,-187738.28
365,-185920.05
366,-184106.09
367,-182295.92
368,-180490.36
369,-178689.3
370,-176892.38
371,-175100.23
372,-173312.52
373,-171530.22
374,-169753.86
375,-167983.59
376,-166219.77
377,-164463.09
378,-162713.3
379,-160970.56
380,-159235.47
381,-157508.52
382,-155789.91
383,-154079.91
384,-152378.92
385,-150688.36
386,-149008.36
387,-147339.22
388,-145681.81
389,-144036.48
390,-142403.48
391,-140783.31
392,-139176.34
393,-137583.34
394,-136005.44
395,-134442.84
396,-132896.2
397,-131366.62
398,-129854.28
399,-128360.28
400,-126884.81
401,-125428.82
402,-123991.98
403,-122575.04
404,-121178.23
405,-119801.71
406,-118445.89
407,-117110.21
408,-115794.64
409,-114499.44
410,-113223.9
411,-111967.15
412,-110729.24
413,-109509.24
414,-108306.54
415,-107120.64
416,-105950.8
417,-104796.17
418,-103656.51
419,-102531.6
420,-101420.1
421,-100321.47
422,-99235.078
423,-98160.719
424,-97098.203
425,-96046.883
426,-95005.5
427,-93974.242
428,-92952.82
429,-91941.0
430,-90938.281
431,-89944.5
432,-88959.477
433,-87982.656
434,-87014.508
435,-86054.047
436,-85101.859
437,-84157.477
438,-83221.773
439,-82294.008
440,-81374.75
441,-80463.453
442,-79561.148
443,-78666.047
444,-77779.414
445,-76901.445
446,-76032.602
447,-75172.242
448,-74321.594
449,-73480.242
450,-72648.977
451,-71828.711
452,-71018.742
453,-70219.719
454,-69431.773
455,-68655.719
456,-67892.672
457,-67141.719
458,-66403.219
459,-65678.133
460,-64967.316
461,-64271.5
462,-63590.387
463,-62924.754
464,-62274.879
465,-61639.715
466,-61020.852
467,-60419.184
468,-59835.781
469,-59272.184
470,-58723.73
471,-58192.566
472,-57677.656
473,-57177.73
474,-56696.191
475,-56228.891
476,-55778.414
477,-55342.453
478,-54926.344
479,-54524.797
480,-54138.691
481,-53764.121
482,-53404.031
483,-53054.203
484,-52714.684
485,-52385.719
486,-52070.02
487,-51763.719
488,-51472.98
489,-51194.375
490,-50929.66
491,-50671.324
492,-50421.77
493,-50175.684
494,-49942.48
495,-49712.051
496,-49492.988
497,-49278.781
498,-49073.02
499,-48877.227
500,-48688.789
501,-48507.996
502,-48334.914
503,-48165.172
504,-48002.359
505,-47837.77
506,-47679.07
507,-47521.516
508,-47374.746
509,-47228.809
510,-47093.75
511,-46962.891
512,-46839.395
513,-46717.602
514,-46595.73
515,-46471.641
516,-46347.0
517,-46225.941
518,-46112.746
519,-45998.0
520,-45894.191
521,-45791.371
522,-45693.512
523,-45597.16
524,-45510.75
525,-45419.203
526,-45327.852
527,-45235.289
528,-45139.926
529,-45040.484
530,-44952.059
531,-44862.191
532,-44779.695
533,-44701.273
534,-44627.555
535,-44550.57
536,-44482.07
537,-44409.613
538,-44342.75
539,-44270.852
540,-44193.469
541,-44104.031
542,-44022.539
543,-43941.238
544,-43868.797
545,-43802.125
546,-43741.656
547,-43684.227
548,-43627.375
549,-43572.816
550,-43529.949
551,-43472.051
552,-43407.77
553,-43325.191
554,-43251.488
555,-43173.172
556,-43106.461
557,-43041.648
558,-42994.988
559,-42949.449
560,-42907.672
561,-42866.18
562,-42829.191
563,-42766.301
564,-42715.566
565,-42644.387
566,-42582.684
567,-42510.566
568,-42450.711
569,-42389.91
570,-42344.07
571,-42303.387
572,-42273.391
573,-42234.141
574,-42199.094
575,-42144.828
576,-42095.641
577,-42038.25
578,-41981.809
579,-41915.047
580,-41861.703
581,-41807.906
582,-41761.266
583,-41718.672
584,-41691.375
585,-41666.121
586,-41641.656
587,-41597.363
588,-41551.398
589,-41486.727
590,-41438.129
591,-41383.504
592,-41339.141
593,-41284.473
594,-41248.566
595,-41210.543
596,-41185.75
597,-41151.605
598,-41122.738
599,-41078.699
600,-41039.891
601,-40983.164
602,-40932.965
603,-40885.176
604,-40842.332
605,-40794.719
606,-40767.211
607,-40735.074
608,-40724.816
609,-40690.035
610,-40664.719
611,-40618.375
612,-40574.738
613,-40519.211
614,-40476.074
615,-40431.078
616,-40389.102
617,-40344.762
618,-40315.031
619,-40285.465
620,-40278.977
621,-40258.191
622,-40234.941
623,-40194.094
624,-40155.641
625,-40105.082
626,-40060.133
627,-40008.297
628,-39973.184
629,-39932.996
630,-39904.879
631,-39873.613
632,-39866.328
633,-39848.516
634,-39835.078
635,-39797.176
636,-39760.566
637,-39706.77
638,-39659.75
639,-39606.09
640,-39577.809
641,-39543.945
642,-39520.66
643,-39488.371
644,-39478.426
645,-39463.352
646,-39455.332
647,-39421.871
648,-39392.914
649,-39349.199
650,-39304.262
651,-39245.508
652,-39210.762
653,-39176.102
654,-39156.762
655,-39130.203
656,-39115.84
657,-39096.586
658,-39097.23
659,-39069.836
660,-39034.926
661,-38988.648
662,-38953.105
663,-38898.211
664,-38866.766
665,-38830.715
666,-38815.871
667,-38786.18
668,-38777.258
669,-38754.477
670,-38754.957
671,-38736.184
672,-38721.516
673,-38678.93
674,-38646.195
675,-38588.969
676,-38548.465
677,-38501.613
678,-38478.18
679,-38449.664
680,-38452.031
681,-38432.254
682,-38432.949
683,-38405.469
684,-38381.496
685,-38345.023
686,-38326.746
687,-38288.406
688,-38256.449
689,-38209.871
690,-38187.551
691,-38148.285
692,-38140.219
693,-38112.172
694,-38107.836
695,-38087.594
696,-38080.746
697,-38055.352
698,-38049.465
699,-38015.789
700,-37989.23
701,-37945.574
702,-37909.125
703,-37863.254
704,-37845.32
705,-37816.492
706,-37809.453
707,-37781.484
708,-37774.324
709,-37746.535
710,-37745.738
711,-37713.984
712,-37700.77
713,-37673.625
714,-37644.766
715,-37603.656
716,-37583.852
717,-37550.02
718,-37534.098
719,-37503.988
720,-37494.805
721,-37471.965
722,-37465.297
723,-37445.922
724,-37434.711
725,-37406.199
726,-37386.426
727,-37347.465
728,-37330.434
729,-37296.23
730,-37283.234
731,-37248.676
732,-37242.164
733,-37211.957
734,-37195.48
735,-37171.953
736,-37161.77
737,-37148.309
738,-37133.766
739,-37102.367
740,-37086.598
741,-37041.703
742,-37025.281
743,-36987.586
744,-36981.051
745,-36949.84
746,-36940.16
747,-36918.703
748,-36914.184
749,-36897.426
750,-36888.262
751,-36873.648
752,-36855.41
753,-36819.484
754,-36811.871
755,-36771.336
756,-36761.926
757,-36722.41
758,-36707.336
759,-36679.773
760,-36661.898
761,-36642.387
762,-36633.695
763,-36614.594
764,-36606.594
765,-36579.766
766,-36579.594
767,-36545.594
768,-36523.461
769,-36482.09
770,-36475.055
771,-36452.086
772,-36446.871
773,-36425.516
774,-36422.02
775,-36399.906
776,-36397.945
777,-36371.289
778,-36368.648
779,-36338.301
780,-36326.863
781,-36278.422
782,-36255.09
783,-36221.398
784,-36213.535
785,-36197.352
786,-36185.461
787,-36164.719
788,-36153.141
789,-36126.051
790,-36125.066
791,-36106.375
792,-36116.824
793,-36076.379
794,-36059.582
795,-36020.281
796,-36018.68
797,-36000.133
798,-35995.199
799,-35969.176
800,-35957.574
801,-35931.898
802,-35928.297
803,-35902.641
804,-35907.562
805,-35880.891
806,-35871.734
807,-35845.504
808,-35830.102
809,-35795.484
810,-35779.199
811,-35747.238
812,-35729.551
813,-35702.898
814,-35700.086
815,-35692.691
816,-35692.836
817,-35669.062
818,-35663.852
819,-35636.578
820,-35632.328
821,-35609.941
822,-35601.863
823,-35568.418
824,-35547.395
825,-35519.047
826,-35515.938
827,-35500.641
828,-35502.805
829,-35496.469
830,-35491.672
831,-35470.191
832,-35471.871
833,-35441.922
834,-35423.895
835,-35383.137
836,-35357.395
837,-35313.094
838,-35310.863
839,-35294.676
840,-35303.637
841,-35294.703
842,-35296.574
843,-35279.25
844,-35284.793
845,-35269.832
846,-35257.016
847,-35212.848
848,-35191.121
849,-35145.113
850,-35119.641
851,-35097.488
852,-35095.844
853,-35095.762
854,-35111.906
855,-35106.57
856,-35113.508
857,-35098.738
858,-35096.078
859,-35054.078
860,-35031.961
861,-34987.992
862,-34962.961
863,-34926.309
864,-34920.863
865,-34914.82
866,-34915.816
867,-34925.059
868,-34933.504
869,-34927.324
870,-34924.281
871,-34895.305
872,-34874.629
873,-34823.113
874,-34806.629
875,-34770.078
876,-34758.094
877,-34730.516
878,-34737.766
879,-34737.309
880,-34750.637
881,-34748.402
882,-34751.887
883,-34728.234
884,-34721.926
885,-34666.781
886,-34656.426
887,-34615.809
888,-34603.844
889,-34581.922
890,-34580.023
891,-34567.113
892,-34574.082
893,-34579.871
894,-34586.227
895,-34563.766
896,-34558.434
897,-34519.016
898,-34504.922
899,-34463.703
900,-34466.754
901,-34425.629
902,-34417.859
903,-34392.012
904,-34406.922
905,-34410.961
906,-34424.676
907,-34417.176
908,-34405.883
909,-34377.039
910,-34357.051
911,-34321.359
912,-34316.836
913,-34283.645
914,-34276.66
915,-34254.52
916,-34248.434
917,-34236.199
918,-34249.344
919,-34241.852
920,-34244.734
921,-34220.281
922,-34220.055
923,-34192.785
924,-34180.648
925,-34151.328
926,-34144.52
927,-34108.805
928,-34103.645
929,-34084.934
930,-34091.203
931,-34074.676
932,-34077.75
933,-34053.957
934,-34052.551
935,-34027.477
936,-34035.5
937,-34017.762
938,-34011.512
939,-33989.109
940,-33985.871
941,-33969.469
942,-33962.594
943,-33935.598
944,-33930.566
945,-33909.457
946,-33914.672
947,-33885.402
948,-33892.047
949,-33869.035
950,-33878.676
951,-33855.734
952,-33858.254
953,-33830.113
954,-33816.645
955,-33790.543
956,-33783.18
957,-33759.25
958,-33759.363
959,-33733.234
960,-33745.684
961,-33724.984
962,-33741.285
963,-33721.07
964,-33725.465
965,-33706.727
966,-33699.289
967,-33673.5
968,-33649.496
969,-33623.734
970,-33616.723
971,-33591.43
972,-33595.871
973,-33585.082
974,-33613.457
975,-33600.844
976,-33607.219
977,-33581.156
978,-33583.266
979,-33546.879
980,-33531.535
981,-33502.828
982,-33499.406
983,-33462.27
984,-33464.668
985,-33445.824
986,-33450.059
987,-33441.836
988,-33453.344
989,-33437.125
990,-33448.375
991,-33426.703
992,-33416.359
993,-33386.82
994,-33384.801
995,-33356.109
996,-33354.727
997,-33329.281
998,-33343.801
999,-33323.398
1000,-33335.676
1001,-33313.578
1002,-33319.746
1003,-33292.977
1004,-33280.539
1005,-33251.191
1006,-33244.996
1007,-33222.609
1008,-33225.219
1009,-33194.523
1010,-33194.09
1011,-33168.879
1012,-33182.34
1013,-33177.352
1014,-33194.801
1015,-33189.586
1016,-33188.387
1017,-33163.551
1018,-33160.109
1019,-33130.523
1020,-33125.16
1021,-33088.566
1022,-33089.859
1023,-33059.754
1024,-33067.203
1025,-33048.016
1026,-33057.27
1027,-33038.266
1028,-33040.664
1029,-33036.875
1030,-33048.566
1031,-33015.875
1032,-32999.621
1033,-32966.488
1034,-32965.984
1035,-32952.477
1036,-32966.75
1037,-32941.371
1038,-32958.773
1039,-32931.516
1040,-32933.598
1041,-32915.859
1042,-32926.578
1043,-32894.203
1044,-32886.047
1045,-32852.305
1046,-32859.379
1047,-32837.875
1048,-32844.113
1049,-32821.297
1050,-32824.766
1051,-32815.047
1052,-32808.504
1053,-32783.145
1054,-32786.285
1055,-32761.039
1056,-32774.445
1057,-32755.051
1058,-32761.18
1059,-32734.965
1060,-32739.131
1061,-32720.859
1062,-32725.779
1063,-32711.438
1064,-32717.617
1065,-32702.99
1066,-32709.988
1067,-32672.627
1068,-32676.592
1069,-32631.973
1070,-32640.051
1071,-32613.814
1072,-32625.467
1073,-32606.672
1074,-32600.068
1075,-32583.99
1076,-32586.52
1077,-32574.365
1078,-32571.859
1079,-32549.682
1080,-32559.672
1081,-32540.801
1082,-32555.961
1083,-32533.965
1084,-32539.938
1085,-32504.23
1086,-32502.93
1087,-32481.961
1088,-32485.037
1089,-32467.828
1090,-32478.895
1091,-32461.053
1092,-32467.082
1093,-32436.205
1094,-32441.539
1095,-32406.387
1096,-32415.086
1097,-32395.943
1098,-32406.283
1099,-32381.025
1100,-32384.939
1101,-32357.055
1102,-32358.891
1103,-32340.26
1104,-32347.154
1105,-32337.975
1106,-32352.59
1107,-32328.617
1108,-32329.877
1109,-32302.742
1110,-32308.1
1111,-32281.248
1112,-32272.113
1113,-32242.607
1114,-32241.555
1115,-32222.58
1116,-32238.072
1117,-32226.664
1118,-32247.615
1119,-32224.91
1120,-32244.189
1121,-32208.506
1122,-32214.957
1123,-32189.008
1124,-32191.6
1125,-32169.203
1126,-32178.482
1127,-32158.328
1128,-32149.34
1129,-32126.822
1130,-32122.652
1131,-32109.752
1132,-32117.957
1133,-32108.119
1134,-32119.824
1135,-32108.359
1136,-32103.965
1137,-32076.898
1138,-32072.65
1139,-32047.035
1140,-32051.623
1141,-32025.891
1142,-32042.596
1143,-32019.936
1144,-32029.619
1145,-32001.875
1146,-32002.77
1147,-31987.113
1148,-32002.795
1149,-31984.32
1150,-31986.189
1151,-31963.977
1152,-31971.732
1153,-31937.865
1154,-31950.668
1155,-31921.449
1156,-31933.975
1157,-31910.438
1158,-31914.48
1159,-31897.207
1160,-31913.926
1161,-31896.332
1162,-31911.721
1163,-31888.25
1164,-31887.658
1165,-31841.555
1166,-31846.457
1167,-31810.232
1168,-31824.686
1169,-31809.158
1170,-31815.324
1171,-31795.949
1172,-31794.75
1173,-31794.645
1174,-31804.756
1175,-31796.59
1176,-31809.117
1177,-31782.76
1178,-31795.662
1179,-31756.779
1180,-31754.76
1181,-31721.627
1182,-31731.189
1183,-31703.221
1184,-31720.988
1185,-31701.992
1186,-31713.857
1187,-31700.74
1188,-31706.705
1189,-31691.098
1190,-31682.182
1191,-31660.773
1192,-31660.238
1193,-31641.154
1194,-31637.055
1195,-31613.141
1196,-31613.947
1197,-31590.51
1198,-31608.055
1199,-31595.426
1200,-31611.973
1201,-31602.189
1202,-31618.029
1203,-31585.473
1204,-31583.449
1205,-31567.582
1206,-31575.186
1207,-31547.131
1208,-31557.453
1209,-31526.592
1210,-31535.127
1211,-31504.84
1212,-31522.33
1213,-31498.596
1214,-31519.363
1215,-31494.285
1216,-31501.35
1217,-31479.5
1218,-31477.18
1219,-31454.189
1220,-31448.51
1221,-31424.051
1222,-31434.801
1223,-31413.73
1224,-31431.725
1225,-31408.039
1226,-31425.252
1227,-31402.377
1228,-31423.324
1229,-31414.428
1230,-31417.252
1231,-31400.064
1232,-31404.186
1233,-31393.053
1234,-31393.699
1235,-31358.76
1236,-31358.752
1237,-31329.148
1238,-31337.953
1239,-31312.955
1240,-31329.064
1241,-31305.529
1242,-31316.49
1243,-31298.402
1244,-31308.141
1245,-31286.029
1246,-31287.41
1247,-31268.885
1248,-31269.404
1249,-31243.672
1250,-31236.949
1251,-31219.832
1252,-31232.373
1253,-31221.039
1254,-31239.846
1255,-31228.973
1256,-31247.16
1257,-31232.41
1258,-31248.645
1259,-31217.348
1260,-31223.287
1261,-31188.475
1262,-31187.654
1263,-31158.34
1264,-31164.51
1265,-31135.598
1266,-31146.301
1267,-31116.262
1268,-31142.551
1269,-31129.973
1270,-31137.99
1271,-31116.648
1272,-31122.293
1273,-31106.068
1274,-31108.865
1275,-31090.588
1276,-31096.012
1277,-31071.619
1278,-31077.734
1279,-31055.49
1280,-31070.16
1281,-31054.123
1282,-31077.35
1283,-31060.838
1284,-31075.373
1285,-31047.49
1286,-31054.846
1287,-31018.195
1288,-31020.301
1289,-30994.76
1290,-30990.99
1291,-30960.902
1292,-30966.766
1293,-30940.961
1294,-30954.689
1295,-30947.08
1296,-30972.564
1297,-30964.375
1298,-30970.814
1299,-30951.586
1300,-30965.893
1301,-30938.648
1302,-30947.975
1303,-30915.484
1304,-30930.9
1305,-30903.572
1306,-30904.654
1307,-30881.225
1308,-30880.51
1309,-30868.369
1310,-30886.949
1311,-30879.365
1312,-30884.998
1313,-30875.859
1314,-30883.703
1315,-30851.203
1316,-30853.408
1317,-30813.4
1318,-30821.332
1319,-30784.377
1320,-30795.57
1321,-30777.074
1322,-30795.15
1323,-30788.59
1324,-30815.586
1325,-30802.51
1326,-30814.775
1327,-30804.852
1328,-30804.578
1329,-30776.637
1330,-30772.529
1331,-30744.463
1332,-30738.988
1333,-30719.939
1334,-30729.025
1335,-30715.311
1336,-30732.092
1337,-30723.293
1338,-30742.537
1339,-30727.953
1340,-30730.803
1341,-30711.814
1342,-30714.928
1343,-30690.189
1344,-30686.125
1345,-30646.367
1346,-30647.336
1347,-30629.27
1348,-30644.83
1349,-30633.395
1350,-30655.617
1351,-30645.432
1352,-30668.125
1353,-30627.775
1354,-30643.57
1355,-30599.643
1356,-30606.152
1357,-30565.99
1358,-30584.852
1359,-30550.203
1360,-30576.24
1361,-30561.074
1362,-30592.578
1363,-30584.756
1364,-30606.699
1365,-30589.654
1366,-30598.523
1367,-30566.83
1368,-30568.465
1369,-30545.195
1370,-30532.59
1371,-30505.582
1372,-30506.086
1373,-30489.377
1374,-30486.029
1375,-30473.855
1376,-30486.686
1377,-30479.215
1378,-30501.324
1379,-30492.051
1380,-30515.68
1381,-30483.732
1382,-30487.484
1383,-30452.805
1384,-30471.723
1385,-30451.188
1386,-30461.945
1387,-30431.705
1388,-30435.391
1389,-30410.408
1390,-30428.029
1391,-30403.027
1392,-30421.25
1393,-30404.676
1394,-30418.07
1395,-30400.189
1396,-30413.57
1397,-30386.064
1398,-30390.605
1399,-30363.051
1400,-30369.445
1401,-30346.338
1402,-30358.32
1403,-30337.193
1404,-30349.395
1405,-30319.186
1406,-30343.73
1407,-30338.318
1408,-30357.4
1409,-30339.67
1410,-30346.689
1411,-30317.465
1412,-30323.801
1413,-30291.027
1414,-30303.381
1415,-30269.545
1416,-30288.053
1417,-30266.33
1418,-30284.85
1419,-30267.426
1420,-30282.006
1421,-30264.975
1422,-30275.605
1423,-30249.301
1424,-30251.914
1425,-30234.17
1426,-30235.09
1427,-30211.715
1428,-30216.938
1429,-30196.016
1430,-30216.15
1431,-30209.336
1432,-30230.676
1433,-30214.57
1434,-30226.525
1435,-30190.102
1436,-30194.891
1437,-30166.902
1438,-30182.092
1439,-30153.336
1440,-30170.75
1441,-30134.119
1442,-30153.543
1443,-30123.625
1444,-30137.482
1445,-30112.125
1446,-30120.617
1447,-30109.988
1448,-30118.314
1449,-30102.426
1450,-30107.199
1451,-30087.977
1452,-30097.168
1453,-30092.27
1454,-30110.609
1455,-30094.625
1456,-30116.232
1457,-30123.256
1458,-30128.002
1459,-30101.039
1460,-30102.975
1461,-30068.52
1462,-30060.867
1463,-30032.145
1464,-30041.365
1465,-30014.311
1466,-30027.756
1467,-30009.471
1468,-30031.408
1469,-30014.1
1470,-30031.475
1471,-30003.324
1472,-30023.891
1473,-29989.266
1474,-30001.783
1475,-29976.23
1476,-29997.08
1477,-29970.355
1478,-29999.828
1479,-29976.117
1480,-29992.102
1481,-29954.27
1482,-29961.885
1483,-29935.287
1484,-29953.807
1485,-29938.029
1486,-29949.072
1487,-29940.43
1488,-29944.893
1489,-29929.02
1490,-29940.617
1491,-29911.32
1492,-29933.123
1493,-29904.588
1494,-29912.387
1495,-29883.26
1496,-29882.721
1497,-29858.4
1498,-29878.967
1499,-29866.088
1500,-29882.391
1501,-29856.188
1502,-29880.086
1503,-29845.715
1504,-29869.6
1505,-29837.814
1506,-29860.367
1507,-29841.652
1508,-29855.404
1509,-29828.002
1510,-29832.51
1511,-29807.619
1512,-29824.395
1513,-29798.707
1514,-29820.91
1515,-29800.477
1516,-29810.182
1517,-29785.506
1518,-29801.439
1519,-29774.381
1520,-29788.09
1521,-29763.43
1522,-29768.705
1523,-29752.525
1524,-29762.574
1525,-29748.898
1526,-29766.037
1527,-29750.598
1528,-29761.715
1529,-29747.506
1530,-29774.133
1531,-29752.697
1532,-29764.24
1533,-29721.305
1534,-29720.336
1535,-29682.6
1536,-29695.859
1537,-29677.182
1538,-29698.293
1539,-29686.338
1540,-29707.314
1541,-29697.617
1542,-29721.832
1543,-29682.717
1544,-29702.773
1545,-29668.855
1546,-29687.557
1547,-29650.492
1548,-29663.41
1549,-29629.332
1550,-29633.061
1551,-29615.232
1552,-29623.336
1553,-29604.838
1554,-29620.375
1555,-29605.322
1556,-29631.322
1557,-29608.695
1558,-29639.055
1559,-29618.672
1560,-29626.545
1561,-29590.238
1562,-29606.338
1563,-29577.867
1564,-29595.18
1565,-29563.66
1566,-29587.154
1567,-29571.539
1568,-29596.91
1569,-29582.449
1570,-29609.766
1571,-29584.195
1572,-29591.289
1573,-29563.814
1574,-29561.078
1575,-29531.164
1576,-29530.338
1577,-29503.455
1578,-29501.205
1579,-29486.605
1580,-29505.447
1581,-29490.48
1582,-29504.465
1583,-29481.006
1584,-29499.795
1585,-29479.91
1586,-29505.936
1587,-29485.725
1588,-29503.533
1589,-29473.221
1590,-29503.158
1591,-29478.812
1592,-29488.641
1593,-29455.953
1594,-29467.693
1595,-29444.711
1596,-29463.51
1597,-29445.926
1598,-29458.342
1599,-29433.471
1600,-29445.18
1601,-29419.277
1602,-29432.074
1603,-29408.25
1604,-29418.881
1605,-29387.902
1606,-29405.439
1607,-29385.551
1608,-29416.598
1609,-29382.965
1610,-29411.438
1611,-29383.178
1612,-29411.838
1613,-29384.543
1614,-29401.525
1615,-29377.949
1616,-29397.58
1617,-29362.398
1618,-29376.551
1619,-29347.244
1620,-29363.945
1621,-29331.205
1622,-29337.756
1623,-29314.092
1624,-29330.615
1625,-29327.074
1626,-29335.023
1627,-29329.465
1628,-29338.414
1629,-29318.23
1630,-29326.377
1631,-29300.473
1632,-29319.898
1633,-29289.762
1634,-29304.135
1635,-29268.607
1636,-29291.682
1637,-29264.605
1638,-29291.355
1639,-29258.756
1640,-29280.41
1641,-29267.795
1642,-29294.305
1643,-29267.088
1644,-29281.5
1645,-29268.182
1646,-29270.176
1647,-29238.891
1648,-29247.91
1649,-29223.186
1650,-29233.164
1651,-29207.881
1652,-29229.26
1653,-29203.293
1654,-29215.43
1655,-29186.141
1656,-29199.375
1657,-29180.824
1658,-29207.287
1659,-29187.418
1660,-29196.078
1661,-29185.58
1662,-29198.545
1663,-29173.627
1664,-29193.082
1665,-29184.982
1666,-29213.551
1667,-29179.502
1668,-29195.676
1669,-29148.436
1670,-29168.301
1671,-29135.855
1672,-29160.289
1673,-29132.836
1674,-29150.301
1675,-29121.48
1676,-29143.648
1677,-29124.324
1678,-29143.654
1679,-29117.838
1680,-29129.807
1681,-29109.721
1682,-29120.135
1683,-29103.965
1684,-29122.158
1685,-29105.033
1686,-29112.945
1687,-29082.58
1688,-29097.34
1689,-29070.711
1690,-29085.312
1691,-29056.707
1692,-29077.672
1693,-29057.881
1694,-29080.615
1695,-29052.775
1696,-29067.207
1697,-29048.289
1698,-29063.422
1699,-29047.145
1700,-29069.055
1701,-29045.074
1702,-29064.242
1703,-29031.564
1704,-29042.25
1705,-29011.484
1706,-29024.775
1707,-28993.355
1708,-29004.311
1709,-28986.285
1710,-29007.26
1711,-28979.891
1712,-29002.301
1713,-28981.01
1714,-29014.965
1715,-28995.699
1716,-29013.609
1717,-28986.109
1718,-28993.301
1719,-28966.52
1720,-28975.895
1721,-28962.859
1722,-28976.482
1723,-28947.627
1724,-28962.15
1725,-28942.377
1726,-28965.85
1727,-28952.836
1728,-28972.154
1729,-28958.447
1730,-28962.439
1731,-28928.49
1732,-28938.93
1733,-28908.244
1734,-28920.686
1735,-28886.994
1736,-28899.102
1737,-28871.391
1738,-28894.473
1739,-28878.59
1740,-28913.062
1741,-28889.41
1742,-28920.207
1743,-28892.553
1744,-28907.936
1745,-28884.248
1746,-28893.391
1747,-28869.078
1748,-28878.09
1749,-28854.346
1750,-28858.035
1751,-28829.574
1752,-28848.994
1753,-28839.404
1754,-28863.645
1755,-28842.328
1756,-28866.912
1757,-28841.564
1758,-28855.188
1759,-28831.213
1760,-28846.686
1761,-28817.4
1762,-28842.143
1763,-28820.527
1764,-28835.053
1765,-28804.721
1766,-28823.895
1767,-28786.047
1768,-28811.574
1769,-28778.117
1770,-28802.16
1771,-28774.43
1772,-28797.312
1773,-28772.0
1774,-28783.609
1775,-28767.426
1776,-28781.33
1777,-28760.43
1778,-28772.088
1779,-28755.348
1780,-28764.471
1781,-28743.32
1782,-28761.742
1783,-28742.693
1784,-28768.025
1785,-28748.672
1786,-28774.471
1787,-28744.092
1788,-28757.25
1789,-28713.119
1790,-28723.48
1791,-28695.105
1792,-28708.17
1793,-28676.725
1794,-28697.67
1795,-28673.348
1796,-28704.859
1797,-28692.154
1798,-28718.875
1799,-28704.715
1800,-28721.818
1801,-28703.436
1802,-28725.072
1803,-28702.211
1804,-28705.873
1805,-28671.814
1806,-28679.105
1807,-28659.27
1808,-28671.109
1809,-28648.887
1810,-28661.18
1811,-28632.891
1812,-28668.605
1813,-28651.176
1814,-28672.961
1815,-28649.186
1816,-28681.9
1817,-28646.23
1818,-28656.162
1819,-28632.756
1820,-28650.994
1821,-28627.15
1822,-28640.857
1823,-28615.414
1824,-28625.807
1825,-28601.971
1826,-28612.516
1827,-28598.715
1828,-28620.699
1829,-28601.744
1830,-28612.855
1831,-28573.529
1832,-28592.74
1833,-28551.609
1834,-28567.859
1835,-28543.455
1836,-28565.842
1837,-28546.85
1838,-28575.689
1839,-28559.801
1840,-28583.039
1841,-28565.008
1842,-28575.475
1843,-28558.215
1844,-28567.705
1845,-28543.279
1846,-28552.158
1847,-28526.865
1848,-28540.766
1849,-28510.564
1850,-28541.936
1851,-28515.814
1852,-28544.994
1853,-28517.158
1854,-28542.992
1855,-28525.711
1856,-28551.516
1857,-28529.439
1858,-28543.627
1859,-28503.59
1860,-28510.539
1861,-28464.908
1862,-28483.551
1863,-28454.045
1864,-28461.23
1865,-28456.551
1866,-28475.734
1867,-28474.35
1868,-28493.578
1869,-28480.506
1870,-28494.789
1871,-28463.508
1872,-28477.24
1873,-28449.68
1874,-28477.18
1875,-28441.984
1876,-28462.619
1877,-28437.438
1878,-28463.828
1879,-28442.545
1880,-28460.385
1881,-28438.256
1882,-28446.48
1883,-28423.605
1884,-28435.59
1885,-28407.35
1886,-28430.793
1887,-28412.34
1888,-28430.707
1889,-28407.24
1890,-28423.508
1891,-28401.949
1892,-28426.58
1893,-28418.721
1894,-28432.775
1895,-28406.17
1896,-28414.033
1897,-28377.393
1898,-28391.42
1899,-28360.09
1900,-28386.994
1901,-28353.838
1902,-28367.574
1903,-28346.385
1904,-28363.695
1905,-28340.533
1906,-28355.535
1907,-28340.895
1908,-28368.275
1909,-28342.602
1910,-28362.502
1911,-28335.613
1912,-28352.051
1913,-28320.4
1914,-28342.543
1915,-28314.668
1916,-28336.945
1917,-28311.545
1918,-28336.98
1919,-28309.238
1920,-28337.135
1921,-28302.633
1922,-28331.75
1923,-28302.422
1924,-28332.523
1925,-28302.756
1926,-28319.455
1927,-28292.35
1928,-28315.668
1929,-28282.631
1930,-28309.248
1931,-28268.803
1932,-28286.48
1933,-28270.494
1934,-28300.734
1935,-28269.875
1936,-28296.891
1937,-28267.426
1938,-28293.238
1939,-28273.338
1940,-28288.217
1941,-28255.846
1942,-28268.016
1943,-28242.648
1944,-28254.738
1945,-28226.223
1946,-28246.461
1947,-28226.025
1948,-28255.555
1949,-28233.105
1950,-28250.658
1951,-28223.84
1952,-28243.189
1953,-28211.768
1954,-28238.008
1955,-28208.484
1956,-28229.744
1957,-28196.369
1958,-28214.928
1959,-28192.4
1960,-28205.961
1961,-28188.678
1962,-28213.48
1963,-28192.16
1964,-28209.359
1965,-28185.367
1966,-28211.766
1967,-28179.908
1968,-28194.338
1969,-28166.35
1970,-28186.689
1971,-28161.318
1972,-28184.461
1973,-28162.832
1974,-28184.287
1975,-28160.715
1976,-28175.404
1977,-28146.883
1978,-28165.625
1979,-28145.09
1980,-28158.715
1981,-28132.105
1982,-28142.529
1983,-28118.385
1984,-28145.744
1985,-28125.76
1986,-28142.26
1987,-28120.217
1988,-28131.881
1989,-28113.324
1990,-28122.939
1991,-28106.574
1992,-28115.475
1993,-28086.619
1994,-28102.824
1995,-28087.029
1996,-28110.936
1997,-28098.117
1998,-28109.926
1999,-28090.578
2000,-28108.279
2001,-28091.625
2002,-28108.633
2003,-28085.248
2004,-28110.311
2005,-28080.439
2006,-28098.73
2007,-28069.537
2008,-28080.51
2009,-28052.158
2010,-28071.57
2011,-28058.654
2012,-28081.547
2013,-28048.865
2014,-28062.172
2015,-28042.158
2016,-28063.705
2017,-28039.189
2018,-28069.6
2019,-28044.1
2020,-28063.256
2021,-28030.912
2022,-28035.75
2023,-28009.061
2024,-28035.676
2025,-28010.189
2026,-28034.91
2027,-28011.355
2028,-28030.904
2029,-27991.055
2030,-28013.045
2031,-27986.457
2032,-28014.904
2033,-27986.422
2034,-28012.535
2035,-27993.588
2036,-28023.15
2037,-28001.564
2038,-28018.881
2039,-27987.1
2040,-28007.91
2041,-27975.141
2042,-27990.527
2043,-27967.17
2044,-27984.0
2045,-27960.619
2046,-27981.848
2047,-27956.68
2048,-27988.93
2049,-27961.41
2050,-27992.051
2051,-27965.918
2052,-27984.832
2053,-27962.035
2054,-27975.775
2055,-27939.42
2056,-27963.006
2057,-27933.055
2058,-27948.414
2059,-27919.555
2060,-27943.154
2061,-27925.85
2062,-27941.619
2063,-27916.092
2064,-27928.422
2065,-27903.619
2066,-27910.061
2067,-27894.932
2068,-27912.455
2069,-27909.965
2070,-27934.068
2071,-27898.807
2072,-27922.438
2073,-27896.5
2074,-27914.564
2075,-27884.07
2076,-27915.49
2077,-27888.01
2078,-27909.244
2079,-27876.609
2080,-27908.545
2081,-27872.297
2082,-27886.953
2083,-27850.439
2084,-27866.75
2085,-27845.08
2086,-27871.6
2087,-27844.211
2088,-27870.758
2089,-27853.77
2090,-27878.471
2091,-27855.449
2092,-27873.369
2093,-27839.914
2094,-27856.971
2095,-27825.25
2096,-27852.664
2097,-27824.6
2098,-27859.117
2099,-27832.102
2100,-27860.846
2101,-27839.6
2102,-27858.377
2103,-27840.461
2104,-27860.785
2105,-27834.789
2106,-27846.137
2107,-27818.904
2108,-27836.5
2109,-27809.949
2110,-27828.453
2111,-27787.518
2112,-27807.551
2113,-27782.355
2114,-27803.215
2115,-27774.748
2116,-27791.102
2117,-27768.598
2118,-27786.641
2119,-27776.773
2120,-27796.332
2121,-27775.018
2122,-27789.975
2123,-27765.176
2124,-27784.555
2125,-27761.275
2126,-27788.66
2127,-27758.795
2128,-27789.803
2129,-27767.275
2130,-27785.385
2131,-27754.645
2132,-27775.961
2133,-27752.885
2134,-27771.525
2135,-27745.506
2136,-27765.221
2137,-27739.775
2138,-27757.865
2139,-27736.801
2140,-27752.025
2141,-27721.516
2142,-27733.395
2143,-27700.32
2144,-27726.539
2145,-27700.035
2146,-27736.789
2147,-27706.742
2148,-27723.467
2149,-27696.723
2150,-27710.773
2151,-27681.756
2152,-27705.092
2153,-27687.131
2154,-27710.695
2155,-27686.305
2156,-27705.08
2157,-27696.25
2158,-27718.012
2159,-27694.689
2160,-27715.418
2161,-27701.57
2162,-27707.348
2163,-27681.859
2164,-27696.664
2165,-27665.27
2166,-27689.877
2167,-27645.285
2168,-27673.664
2169,-27645.812
2170,-27682.256
2171,-27658.125
2172,-27684.875
2173,-27656.9
2174,-27685.016
2175,-27653.855
2176,-27677.975
2177,-27657.93
2178,-27672.895
2179,-27641.402
2180,-27655.539
2181,-27634.096
2182,-27648.67
2183,-27627.449
2184,-27643.338
2185,-27617.711
2186,-27637.506
2187,-27623.127
2188,-27641.311
2189,-27616.773
2190,-27639.814
2191,-27617.857
2192,-27639.447
2193,-27619.248
2194,-27638.773
2195,-27598.609
2196,-27614.725
2197,-27573.258
2198,-27592.869
2199,-27571.279
2200,-27590.289
2201,-27571.814
2202,-27585.029
2203,-27573.461
2204,-27590.564
2205,-27575.766
2206,-27610.914
2207,-27590.43
2208,-27609.449
2209,-27588.885
2210,-27605.527
2211,-27574.635
2212,-27591.57
2213,-27558.01
2214,-27581.029
2215,-27553.436
2216,-27579.268
2217,-27555.275
2218,-27578.658
2219,-27547.68
2220,-27566.725
2221,-27545.432
2222,-27558.535
2223,-27538.215
2224,-27554.055
2225,-27518.289
2226,-27540.289
2227,-27514.383
2228,-27537.197
2229,-27509.586
2230,-27524.756
2231,-27503.818
2232,-27535.609
2233,-27522.807
2234,-27544.818
2235,-27525.16
2236,-27546.064
2237,-27524.287
2238,-27531.047
2239,-27491.51
2240,-27507.318
2241,-27482.891
2242,-27497.385
2243,-27488.238
2244,-27507.295
2245,-27499.045
2246,-27511.17
2247,-27485.705
2248,-27511.18
2249,-27478.689
2250,-27513.785
2251,-27482.9
2252,-27511.436
2253,-27477.225
2254,-27499.725
2255,-27475.15
2256,-27490.15
2257,-27458.506
2258,-27470.135
2259,-27452.395
2260,-27470.35
2261,-27449.268
2262,-27469.445
2263,-27448.445
2264,-27471.926
2265,-27452.625
2266,-27466.328
2267,-27436.865
2268,-27458.164
2269,-27435.752
2270,-27472.885
2271,-27437.395
2272,-27458.6
2273,-27421.846
2274,-27438.857
2275,-27408.766
2276,-27432.582
2277,-27412.963
2278,-27440.223
2279,-27418.713
2280,-27448.742
2281,-27428.676
2282,-27449.24
2283,-27409.449
2284,-27420.42
2285,-27383.9
2286,-27406.73
2287,-27391.895
2288,-27422.143
2289,-27401.875
2290,-27415.307
2291,-27393.699
2292,-27415.23
2293,-27392.814
2294,-27415.658
2295,-27390.393
2296,-27410.307
2297,-27384.994
2298,-27396.475
2299,-27388.529
2300,-27411.77
2301,-27383.08
2302,-27406.555
2303,-27369.295
2304,-27391.76
2305,-27359.355
2306,-27384.391
2307,-27353.258
2308,-27369.641
2309,-27338.756
2310,-27357.607
2311,-27338.945
2312,-27358.492
2313,-27338.6
2314,-27364.414
2315,-27336.414
2316,-27359.324
2317,-27332.197
2318,-27360.75
2319,-27341.912
2320,-27369.285
2321,-27346.859
2322,-27366.162
2323,-27338.578
2324,-27360.047
2325,-27333.145
2326,-27338.369
2327,-27311.779
2328,-27320.352
2329,-27296.012
2330,-27304.395
2331,-27278.779
2332,-27301.037
2333,-27286.32
2334,-27305.006
2335,-27295.338
2336,-27315.77
2337,-27309.244
2338,-27331.895
2339,-27310.773
2340,-27328.064
2341,-27301.494
2342,-27314.035
2343,-27281.596
2344,-27304.199
2345,-27284.107
2346,-27300.631
2347,-27275.016
2348,-27281.314
2349,-27261.721
2350,-27280.098
2351,-27272.074
2352,-27286.055
2353,-27266.279
2354,-27281.766
2355,-27264.34
2356,-27278.898
2357,-27256.645
2358,-27272.346
2359,-27255.977
2360,-27266.082
2361,-27263.699
2362,-27276.693
2363,-27259.902
2364,-27265.23
2365,-27252.285
2366,-27264.0
2367,-27243.76
2368,-27263.25
2369,-27244.574
2370,-27254.473
2371,-27231.578
2372,-27248.15
2373,-27230.561
2374,-27255.578
2375,-27229.721
2376,-27251.242
2377,-27229.561
2378,-27247.908
2379,-27215.619
2380,-27225.484
2381,-27194.199
2382,-27209.523
2383,-27190.484
2384,-27215.381
2385,-27198.643
2386,-27225.67
2387,-27212.391
2388,-27238.213
2389,-27208.92
2390,-27229.699
2391,-27197.207
2392,-27206.098
2393,-27182.24
2394,-27198.133
2395,-27179.035
2396,-27199.303
2397,-27178.807
2398,-27202.52
2399,-27179.885
2400,-27205.086
2401,-27174.182
2402,-27197.775
2403,-27168.744
2404,-27197.41
2405,-27165.648
2406,-27190.057
2407,-27157.449
2408,-27174.564
2409,-27148.145
2410,-27172.91
2411,-27148.131
2412,-27172.863
2413,-27146.633
2414,-27162.455
2415,-27138.045
2416,-27159.711
2417,-27139.055
2418,-27162.547
2419,-27142.48
2420,-27161.744
2421,-27128.363
2422,-27146.59
2423,-27114.234
2424,-27151.787
2425,-27124.68
2426,-27152.678
2427,-27120.225
2428,-27153.619
2429,-27121.086
2430,-27146.775
2431,-27116.006
2432,-27130.785
2433,-27109.385
2434,-27121.732
2435,-27109.711
2436,-27128.609
2437,-27105.203
2438,-27133.689
2439,-27108.596
2440,-27125.07
2441,-27101.154
2442,-27127.912
2443,-27106.725
2444,-27127.988
2445,-27095.467
2446,-27119.77
2447,-27088.93
2448,-27111.609
2449,-27081.693
2450,-27100.455
2451,-27076.637
2452,-27095.984
2453,-27072.592
2454,-27094.42
2455,-27072.404
2456,-27100.135
2457,-27078.068
2458,-27098.127
2459,-27060.385
2460,-27077.5
2461,-27045.518
2462,-27070.221
2463,-27052.131
2464,-27077.102
2465,-27064.908
2466,-27081.982
2467,-27067.109
2468,-27088.395
2469,-27058.586
2470,-27073.645
2471,-27050.664
2472,-27064.9
2473,-27034.68
2474,-27058.088
2475,-27032.16
2476,-27051.51
2477,-27026.744
2478,-27055.783
2479,-27035.793
2480,-27064.432
2481,-27035.744
2482,-27050.43
2483,-27018.062
2484,-27037.336
2485,-27013.756
2486,-27034.387
2487,-27011.85
2488,-27031.66
2489,-27012.439
2490,-27033.605
2491,-27005.984
2492,-27027.148
2493,-26999.506
2494,-27017.752
2495,-26989.055
2496,-27007.1
2497,-26983.707
2498,-26998.676
2499,-26981.438
2500,-27001.107
2501,-26993.465
2502,-27013.775
2503,-27003.205
2504,-27019.039
2505,-26998.24
2506,-27012.289
2507,-26993.943
2508,-27005.445
2509,-26978.301
2510,-26984.207
2511,-26962.619
2512,-26974.926
2513,-26950.602
2514,-26961.195
2515,-26933.65
2516,-26953.221
2517,-26938.277
2518,-26968.605
2519,-26957.096
2520,-26972.439
2521,-26956.035
2522,-26978.939
2523,-26962.078
2524,-26986.965
2525,-26969.643
2526,-26989.494
2527,-26967.02
2528,-26986.707
2529,-26955.848
2530,-26967.133
2531,-26941.984
2532,-26953.33
2533,-26926.48
2534,-26954.732
2535,-26940.002
2536,-26969.953
2537,-26950.633
2538,-26971.324
2539,-26939.658
2540,-26965.699
2541,-26928.623
2542,-26948.234
2543,-26913.926
2544,-26937.109
2545,-26907.314
2546,-26937.115
2547,-26913.637
2548,-26934.363
2549,-26908.176
2550,-26931.713
2551,-26904.418
2552,-26928.355
2553,-26894.324
2554,-26914.033
2555,-26883.779
2556,-26909.061
2557,-26887.213
2558,-26914.973
2559,-26900.596
2560,-26917.295
2561,-26897.9
2562,-26915.697
2563,-26891.52
2564,-26909.881
2565,-26888.363
2566,-26906.699
2567,-26881.895
2568,-26892.4
2569,-26875.445
2570,-26893.857
2571,-26871.779
2572,-26894.727
2573,-26871.053
2574,-26896.428
2575,-26870.49
2576,-26890.23
2577,-26867.859
2578,-26894.086
2579,-26859.055
2580,-26881.1
2581,-26846.73
2582,-26859.654
2583,-26835.836
2584,-26857.047
2585,-26833.789
2586,-26858.203
2587,-26841.506
2588,-26866.867
2589,-26843.32
2590,-26868.484
2591,-26845.881
2592,-26854.973
2593,-26833.359
2594,-26839.93
2595,-26829.055
2596,-26843.984
2597,-26831.303
2598,-26851.463
2599,-26828.715
2600,-26848.01
2601,-26828.367
2602,-26843.033
2603,-26819.717
2604,-26837.125
2605,-26813.211
2606,-26838.348
2607,-26821.207
2608,-26844.984
2609,-26825.475
2610,-26846.592
2611,-26821.658
2612,-26838.205
2613,-26812.641
2614,-26832.324
2615,-26801.475
2616,-26825.02
2617,-26794.176
2618,-26815.965
2619,-26794.391
2620,-26808.91
2621,-26784.404
2622,-26801.893
2623,-26780.955
2624,-26794.891
2625,-26784.953
2626,-26788.58
2627,-26773.6
2628,-26786.301
2629,-26775.213
2630,-26795.355
2631,-26781.766
2632,-26798.242
2633,-26778.26
2634,-26804.34
2635,-26775.045
2636,-26801.857
2637,-26774.609
2638,-26797.109
2639,-26777.619
2640,-26792.57
2641,-26767.506
2642,-26778.953
2643,-26758.562
2644,-26774.869
2645,-26754.02
2646,-26785.318
2647,-26762.92
2648,-26786.457
2649,-26753.859
2650,-26770.199
2651,-26741.688
2652,-26760.73
2653,-26722.436
2654,-26751.98
2655,-26724.422
2656,-26753.01
2657,-26723.84
2658,-26742.518
2659,-26715.711
2660,-26744.828
2661,-26723.928
2662,-26746.824
2663,-26729.699
2664,-26754.029
2665,-26730.186
2666,-26756.785
2667,-26727.301
2668,-26747.67
2669,-26727.615
2670,-26735.18
2671,-26711.994
2672,-26726.848
2673,-26708.154
2674,-26725.568
2675,-26704.225
2676,-26732.01
2677,-26720.02
2678,-26746.914
2679,-26717.654
2680,-26739.539
2681,-26703.688
2682,-26723.154
2683,-26690.303
2684,-26711.695
2685,-26686.256
2686,-26702.873
2687,-26681.006
2688,-26709.355
2689,-26689.92
2690,-26703.123
2691,-26693.654
2692,-26703.34
2693,-26681.631
2694,-26690.01
2695,-26673.221
2696,-26687.967
2697,-26668.293
2698,-26693.881
2699,-26676.061
2700,-26695.539
2701,-26676.119
2702,-26680.85
2703,-26668.721
2704,-26675.02
2705,-26654.93
2706,-26666.0
2707,-26655.574
2708,-26676.074
2709,-26670.418
2710,-26688.529
2711,-26667.193
2712,-26689.195
2713,-26659.08
2714,-26678.102
2715,-26653.154
2716,-26678.365
2717,-26643.381
2718,-26669.82
2719,-26642.32
2720,-26669.18
2721,-26651.125
2722,-26677.006
2723,-26651.029
2724,-26666.945
2725,-26640.4
2726,-26656.518
2727,-26624.35
2728,-26644.135
2729,-26615.516
2730,-26635.662
2731,-26611.945
2732,-26639.721
2733,-26622.705
2734,-26647.225
2735,-26616.77
2736,-26640.992
2737,-26616.859
2738,-26636.381
2739,-26601.9
2740,-26627.061
2741,-26604.221
2742,-26632.402
2743,-26611.137
2744,-26633.258
2745,-26611.189
2746,-26623.154
2747,-26608.85
2748,-26626.125
2749,-26614.414
2750,-26630.881
2751,-26606.939
2752,-26622.367
2753,-26594.91
2754,-26613.965
2755,-26595.99
2756,-26605.42
2757,-26591.975
2758,-26604.375
2759,-26584.039
2760,-26604.484
2761,-26583.475
2762,-26606.758
2763,-26570.693
2764,-26589.471
2765,-26569.74
2766,-26593.072
2767,-26574.535
2768,-26589.539
2769,-26562.062
2770,-26590.635
2771,-26567.131
2772,-26585.885
2773,-26556.283
2774,-26578.914
2775,-26544.811
2776,-26560.436
2777,-26534.24
2778,-26557.432
2779,-26533.574
2780,-26558.592
2781,-26544.383
2782,-26577.881
2783,-26557.045
2784,-26576.516
2785,-26565.283
2786,-26594.287
2787,-26565.043
2788,-26588.836
2789,-26553.242
2790,-26576.518
2791,-26540.48
2792,-26573.0
2793,-26537.711
2794,-26568.006
2795,-26536.195
2796,-26562.65
2797,-26540.328
2798,-26555.891
2799,-26538.766
2800,-26559.176
2801,-26537.543
2802,-26555.643
2803,-26531.365
2804,-26550.58
2805,-26531.465
2806,-26546.193
2807,-26522.15
2808,-26537.039
2809,-26517.467
2810,-26536.293
2811,-26517.02
2812,-26537.631
2813,-26514.48
2814,-26533.359
2815,-26505.641
2816,-26528.068
2817,-26498.682
2818,-26530.367
2819,-26498.498
2820,-26526.822
2821,-26498.42
2822,-26520.09
2823,-26496.086
2824,-26519.418
2825,-26492.732
2826,-26518.482
2827,-26482.221
2828,-26504.592
2829,-26478.262
2830,-26503.518
2831,-26474.994
2832,-26502.355
2833,-26476.76
2834,-26515.23
2835,-26488.305
2836,-26507.221
2837,-26483.051
2838,-26501.936
2839,-26473.26
2840,-26497.543
2841,-26470.443
2842,-26490.445
2843,-26463.785
2844,-26491.822
2845,-26458.055
2846,-26481.885
2847,-26454.58
2848,-26484.242
2849,-26454.875
2850,-26472.109
2851,-26458.311
2852,-26476.244
2853,-26459.895
2854,-26483.715
2855,-26457.898
2856,-26477.717
2857,-26454.43
2858,-26476.766
2859,-26456.395
2860,-26475.59
2861,-26453.484
2862,-26478.527
2863,-26445.945
2864,-26463.885
2865,-26428.82
2866,-26446.824
2867,-26419.064
2868,-26448.369
2869,-26430.404
2870,-26457.195
2871,-26429.34
2872,-26457.516
2873,-26417.055
2874,-26444.375
2875,-26422.932
2876,-26451.578
2877,-26429.375
2878,-26453.68
2879,-26433.188
2880,-26454.275
2881,-26435.275
2882,-26449.096
2883,-26428.717
2884,-26451.1
2885,-26427.352
2886,-26449.789
2887,-26424.561
2888,-26445.883
2889,-26419.25
2890,-26439.93
2891,-26410.25
2892,-26433.195
2893,-26408.619
2894,-26428.295
2895,-26409.27
2896,-26428.529
2897,-26401.443
2898,-26423.35
2899,-26397.025
2900,-26416.68
2901,-26388.453
2902,-26411.654
2903,-26387.715
2904,-26406.119
2905,-26382.385
2906,-26406.268
2907,-26384.188
2908,-26407.564
2909,-26388.865
2910,-26410.455
2911,-26384.775
2912,-26397.402
2913,-26378.881
2914,-26405.051
2915,-26372.547
2916,-26395.623
2917,-26366.102
2918,-26390.525
2919,-26361.061
2920,-26384.945
2921,-26360.703
2922,-26385.652
2923,-26363.904
2924,-26388.814
2925,-26367.508
2926,-26387.814
2927,-26371.992
2928,-26390.57
2929,-26374.596
2930,-26393.963
2931,-26363.975
2932,-26379.461
2933,-26356.961
2934,-26374.154
2935,-26347.234
2936,-26366.502
2937,-26351.926
2938,-26368.945
2939,-26350.717
2940,-26376.998
2941,-26348.432
2942,-26378.475
2943,-26349.506
2944,-26373.58
2945,-26351.115
2946,-26364.523
2947,-26336.904
2948,-26351.336
2949,-26325.461
2950,-26342.904
2951,-26317.324
2952,-26330.295
2953,-26312.127
2954,-26334.678
2955,-26315.439
2956,-26342.975
2957,-26321.359
2958,-26346.99
2959,-26330.551
2960,-26355.938
2961,-26330.029
2962,-26357.865
2963,-26324.391
2964,-26345.93
2965,-26306.312
2966,-26335.426
2967,-26306.352
2968,-26335.238
2969,-26322.102
2970,-26339.461
2971,-26316.822
2972,-26329.295
2973,-26303.48
2974,-26318.24
2975,-26291.025
2976,-26311.918
2977,-26292.695
2978,-26326.926
2979,-26311.52
2980,-26330.535
2981,-26306.693
2982,-26323.006
2983,-26303.76
2984,-26315.645
2985,-26291.34
2986,-26313.818
2987,-26292.098
2988,-26317.492
2989,-26295.297
2990,-26314.305
2991,-26284.83
2992,-26311.4
2993,-26290.375
2994,-26310.93
2995,-26285.221
2996,-26308.311
2997,-26279.34
2998,-26305.127
2999,-26278.568
3000,-26304.02
3001,-26271.807
3002,-26295.455
3003,-26270.418
3004,-26287.592
3005,-26262.84
3006,-26279.789
3007,-26259.922
3008,-26280.766
3009,-26258.131
3010,-26284.17
3011,-26259.484
3012,-26276.6
3013,-26256.186
3014,-26277.805
3015,-26258.82
3016,-26273.438
3017,-26254.748
3018,-26272.217
3019,-26245.15
3020,-26266.652
3021,-26245.051
3022,-26272.051
3023,-26253.34
3024,-26278.58
3025,-26254.859
3026,-26274.203
3027,-26250.971
3028,-26268.418
3029,-26244.695
3030,-26262.152
3031,-26236.824
3032,-26258.717
3033,-26239.332
3034,-26258.631
3035,-26240.785
3036,-26256.363
3037,-26230.596
3038,-26248.324
3039,-26220.641
3040,-26249.711
3041,-26216.994
3042,-26246.439
3043,-26224.613
3044,-26249.613
3045,-26225.699
3046,-26250.369
3047,-26217.525
3048,-26234.738
3049,-26210.098
3050,-26232.289
3051,-26206.5
3052,-26234.115
3053,-26211.939
3054,-26238.65
3055,-26215.529
3056,-26239.506
3057,-26211.723
3058,-26232.846
3059,-26204.582
3060,-26226.457
3061,-26209.422
3062,-26232.645
3063,-26215.32
3064,-26233.502
3065,-26203.154
3066,-26228.865
3067,-26195.76
3068,-26214.369
3069,-26183.449
3070,-26205.857
3071,-26187.963
3072,-26213.734
3073,-26193.27
3074,-26216.154
3075,-26191.57
3076,-26210.15
3077,-26184.605
3078,-26203.715
3079,-26178.43
3080,-26199.062
3081,-26176.77
3082,-26198.645
3083,-26173.67
3084,-26192.967
3085,-26165.855
3086,-26182.455
3087,-26166.369
3088,-26189.303
3089,-26180.455
3090,-26198.053
3091,-26182.051
3092,-26198.57
3093,-26170.836
3094,-26197.484
3095,-26170.824
3096,-26191.789
3097,-26165.529
3098,-26181.41
3099,-26165.67
3100,-26171.785
3101,-26156.422
3102,-26173.494
3103,-26158.801
3104,-26179.225
3105,-26159.971
3106,-26183.84
3107,-26161.07
3108,-26181.807
3109,-26153.703
3110,-26176.082
3111,-26154.039
3112,-26172.359
3113,-26151.102
3114,-26168.535
3115,-26152.074
3116,-26169.152
3117,-26151.693
3118,-26161.596
3119,-26140.619
3120,-26160.172
3121,-26143.348
3122,-26158.232
3123,-26131.449
3124,-26152.303
3125,-26131.113
3126,-26144.395
3127,-26126.426
3128,-26142.527
3129,-26128.221
3130,-26140.363
3131,-26126.357
3132,-26140.615
3133,-26124.609
3134,-26143.967
3135,-26118.029
3136,-26131.195
3137,-26118.895
3138,-26131.625
3139,-26115.734
3140,-26131.131
3141,-26110.76
3142,-26130.34
3143,-26114.07
3144,-26133.381
3145,-26124.838
3146,-26145.945
3147,-26125.488
3148,-26140.783
3149,-26121.42
3150,-26141.725
3151,-26117.115
3152,-26129.494
3153,-26103.057
3154,-26115.711
3155,-26090.971
3156,-26104.734
3157,-26083.635
3158,-26103.211
3159,-26084.369
3160,-26114.971
3161,-26095.074
3162,-26118.453
3163,-26095.846
3164,-26118.539
3165,-26099.748
3166,-26120.428
3167,-26098.061
3168,-26114.703
3169,-26095.75
3170,-26111.545
3171,-26088.133
3172,-26102.439
3173,-26080.678
3174,-26095.672
3175,-26076.705
3176,-26098.072
3177,-26077.047
3178,-26098.062
3179,-26081.375
3180,-26093.766
3181,-26076.365
3182,-26095.812
3183,-26078.422
3184,-26090.086
3185,-26074.385
3186,-26093.775
3187,-26068.449
3188,-26091.689
3189,-26063.518
3190,-26085.553
3191,-26065.086
3192,-26089.039
3193,-26065.58
3194,-26088.439
3195,-26071.609
3196,-26089.822
3197,-26057.668
3198,-26078.135
3199,-26054.482
3200,-26077.449
3201,-26051.375
3202,-26076.68
3203,-26057.49
3204,-26075.539
3205,-26054.18
3206,-26068.99
3207,-26049.705
3208,-26062.824
3209,-26043.07
3210,-26060.26
3211,-26035.205
3212,-26061.08
3213,-26039.465
3214,-26063.76
3215,-26040.592
3216,-26066.857
3217,-26045.779
3218,-26062.17
3219,-26038.287
3220,-26058.414
3221,-26034.789
3222,-26053.99
3223,-26030.873
3224,-26053.68
3225,-26025.102
3226,-26050.75
3227,-26023.785
3228,-26040.926
3229,-26014.086
3230,-26041.1
3231,-26021.686
3232,-26044.26
3233,-26025.125
3234,-26048.85
3235,-26022.688
3236,-26038.113
3237,-26014.936
3238,-26033.83
3239,-26011.707
3240,-26039.158
3241,-26009.336
3242,-26033.592
3243,-26013.801
3244,-26035.555
3245,-26013.525
3246,-26033.182
3247,-26011.662
3248,-26031.352
3249,-26007.391
3250,-26028.199
3251,-26007.377
3252,-26029.805
3253,-26017.15
3254,-26039.447
3255,-26011.609
3256,-26026.928
3257,-26002.84
3258,-26013.592
3259,-25990.59
3260,-26006.715
3261,-25985.689
3262,-26001.836
3263,-25984.145
3264,-26003.385
3265,-25990.455
3266,-26004.672
3267,-25993.154
3268,-26013.732
3269,-25991.967
3270,-26014.734
3271,-25990.34
3272,-26006.51
3273,-25987.846
3274,-25998.34
3275,-25979.92
3276,-25990.498
3277,-25978.93
3278,-25996.508
3279,-25980.365
3280,-25994.875
3281,-25982.373
3282,-25998.789
3283,-25972.01
3284,-25988.939
3285,-25967.182
3286,-25985.689
3287,-25961.51
3288,-25989.721
3289,-25963.131
3290,-25992.02
3291,-25972.199
3292,-25997.275
3293,-25977.461
3294,-25992.09
3295,-25964.938
3296,-25980.131
3297,-25956.15
3298,-25971.135
3299,-25949.686
3300,-25963.865
3301,-25946.303
3302,-25962.875
3303,-25943.109
3304,-25963.885
3305,-25946.385
3306,-25967.877
3307,-25941.711
3308,-25971.285
3309,-25946.586
3310,-25974.318
3311,-25947.967
3312,-25971.895
3313,-25954.357
3314,-25975.492
3315,-25963.373
3316,-25973.256
3317,-25953.279
3318,-25961.881
3319,-25941.822
3320,-25949.572
3321,-25934.133
3322,-25950.137
3323,-25932.926
3324,-25951.82
3325,-25938.016
3326,-25956.68
3327,-25938.893
3328,-25946.516
3329,-25934.207
3330,-25941.215
3331,-25926.734
3332,-25940.119
3333,-25924.887
3334,-25938.268
3335,-25918.045
3336,-25938.252
3337,-25914.994
3338,-25935.332
3339,-25912.248
3340,-25937.471
3341,-25909.58
3342,-25930.775
3343,-25907.266
3344,-25926.857
3345,-25911.193
3346,-25929.35
3347,-25911.982
3348,-25933.805
3349,-25916.598
3350,-25933.902
3351,-25911.891
3352,-25926.891
3353,-25904.342
3354,-25924.232
3355,-25906.123
3356,-25929.24
3357,-25911.77
3358,-25940.055
3359,-25906.09
3360,-25941.277
3361,-25904.057
3362,-25936.176
3363,-25898.699
3364,-25922.154
3365,-25897.918
3366,-25929.305
3367,-25906.885
3368,-25931.07
3369,-25902.85
3370,-25919.41
3371,-25898.141
3372,-25915.648
3373,-25891.266
3374,-25909.09
3375,-25884.217
3376,-25897.555
3377,-25880.568
3378,-25896.85
3379,-25874.842
3380,-25892.768
3381,-25878.199
3382,-25894.6
3383,-25869.994
3384,-25882.723
3385,-25864.727
3386,-25886.109
3387,-25866.607
3388,-25885.65
3389,-25860.355
3390,-25888.586
3391,-25866.439
3392,-25891.57
3393,-25873.76
3394,-25896.33
3395,-25879.033
3396,-25898.01
3397,-25869.227
3398,-25893.436
3399,-25855.438
3400,-25884.814
3401,-25855.051
3402,-25881.117
3403,-25869.154
3404,-25893.615
3405,-25876.877
3406,-25891.588
3407,-25864.311
3408,-25886.074
3409,-25865.025
3410,-25890.609
3411,-25860.939
3412,-25886.99
3413,-25858.477
3414,-25884.102
3415,-25851.805
3416,-25876.34
3417,-25850.875
3418,-25869.262
3419,-25847.59
3420,-25866.633
3421,-25840.07
3422,-25853.539
3423,-25835.551
3424,-25857.279
3425,-25834.256
3426,-25859.303
3427,-25838.564
3428,-25860.213
3429,-25838.391
3430,-25859.973
3431,-25838.043
3432,-25861.289
3433,-25831.035
3434,-25858.52
3435,-25831.244
3436,-25855.74
3437,-25823.693
3438,-25849.963
3439,-25825.893
3440,-25848.414
3441,-25825.52
3442,-25849.93
3443,-25823.279
3444,-25844.592
3445,-25822.707
3446,-25844.377
3447,-25816.801
3448,-25842.439
3449,-25817.869
3450,-25844.5
3451,-25820.99
3452,-25852.305
3453,-25829.74
3454,-25849.76
3455,-25823.025
3456,-25841.244
3457,-25819.086
3458,-25840.822
3459,-25818.551
3460,-25837.615
3461,-25809.295
3462,-25832.445
3463,-25804.35
3464,-25823.693
3465,-25795.289
3466,-25821.545
3467,-25793.445
3468,-25822.744
3469,-25799.143
3470,-25829.41
3471,-25806.154
3472,-25830.775
3473,-25804.135
3474,-25831.648
3475,-25807.955
3476,-25827.338
3477,-25805.234
3478,-25823.176
3479,-25800.805
3480,-25817.428
3481,-25796.186
3482,-25813.238
3483,-25794.506
3484,-25817.25
3485,-25793.426
3486,-25811.35
3487,-25787.574
3488,-25811.971
3489,-25790.641
3490,-25813.939
3491,-25792.176
3492,-25814.439
3493,-25783.578
3494,-25803.932
3495,-25778.922
3496,-25802.562
3497,-25779.805
3498,-25800.336
3499,-25776.867
3500,-25799.447
3501,-25776.266
3502,-25794.445
3503,-25776.967
3504,-25793.689
3505,-25770.318
3506,-25789.949
3507,-25767.422
3508,-25791.811
3509,-25770.551
3510,-25794.016
3511,-25772.801
3512,-25795.5
3513,-25765.721
3514,-25785.574
3515,-25762.186
3516,-25786.66
3517,-25766.289
3518,-25789.16
3519,-25769.627
3520,-25790.42
3521,-25763.705
3522,-25787.527
3523,-25761.961
3524,-25786.109
3525,-25760.207
3526,-25780.488
3527,-25755.678
3528,-25775.971
3529,-25747.5
3530,-25775.135
3531,-25747.383
3532,-25765.873
3533,-25740.65
3534,-25764.574
3535,-25738.047
3536,-25764.838
3537,-25738.492
3538,-25775.33
3539,-25738.838
3540,-25766.891
3541,-25740.145
3542,-25769.199
3543,-25742.695
3544,-25767.391
3545,-25741.002
3546,-25768.717
3547,-25736.537
3548,-25769.199
3549,-25740.467
3550,-25764.961
3551,-25741.148
3552,-25763.898
3553,-25741.631
3554,-25760.865
3555,-25736.645
3556,-25752.885
3557,-25727.199
3558,-25748.064
3559,-25721.619
3560,-25747.215
3561,-25731.914
3562,-25754.061
3563,-25736.895
3564,-25752.711
3565,-25730.186
3566,-25751.303
3567,-25725.945
3568,-25743.359
3569,-25719.803
3570,-25740.266
3571,-25717.965
3572,-25735.23
3573,-25714.33
3574,-25732.131
3575,-25716.494
3576,-25731.42
3577,-25715.303
3578,-25729.404
3579,-25713.836
3580,-25730.756
3581,-25709.939
3582,-25727.914
3583,-25707.869
3584,-25734.939
3585,-25708.295
3586,-25738.699
3587,-25704.865
3588,-25733.064
3589,-25705.467
3590,-25729.449
3591,-25705.301
3592,-25725.102
3593,-25701.305
3594,-25721.693
3595,-25697.383
3596,-25723.619
3597,-25702.73
3598,-25723.756
3599,-25700.777
3600,-25722.758
3601,-25695.518
3602,-25716.252
3603,-25694.98
3604,-25714.133
3605,-25694.836
3606,-25719.564
3607,-25700.314
3608,-25721.775
3609,-25694.311
3610,-25712.846
3611,-25688.051
3612,-25709.455
3613,-25685.164
3614,-25705.855
3615,-25682.66
3616,-25706.33
3617,-25681.83
3618,-25703.91
3619,-25679.766
3620,-25700.695
3621,-25678.721
3622,-25694.527
3623,-25671.846
3624,-25694.055
3625,-25673.197
3626,-25693.668
3627,-25675.627
3628,-25694.855
3629,-25672.039
3630,-25693.705
3631,-25669.85
3632,-25688.721
3633,-25671.461
3634,-25698.09
3635,-25671.471
3636,-25695.242
3637,-25663.547
3638,-25683.633
3639,-25655.926
3640,-25679.895
3641,-25663.295
3642,-25682.311
3643,-25666.41
3644,-25686.535
3645,-25665.18
3646,-25682.881
3647,-25660.75
3648,-25679.766
3649,-25658.35
3650,-25690.211
3651,-25674.6
3652,-25688.199
3653,-25668.305
3654,-25681.062
3655,-25656.098
3656,-25677.58
3657,-25655.793
3658,-25676.115
3659,-25654.615
3660,-25675.891
3661,-25656.607
3662,-25674.715
3663,-25645.994
3664,-25669.99
3665,-25641.682
3666,-25661.508
3667,-25635.445
3668,-25659.123
3669,-25633.535
3670,-25660.848
3671,-25641.119
3672,-25660.455
3673,-25638.717
3674,-25660.086
3675,-25649.193
3676,-25665.215
3677,-25642.498
3678,-25660.785
3679,-25640.895
3680,-25658.52
3681,-25639.24
3682,-25660.725
3683,-25636.539
3684,-25657.961
3685,-25643.027
3686,-25653.965
3687,-25634.125
3688,-25648.977
3689,-25632.512
3690,-25653.461
3691,-25632.83
3692,-25652.801
3693,-25631.717
3694,-25651.41
3695,-25629.029
3696,-25641.35
3697,-25623.244
3698,-25646.732
3699,-25620.625
3700,-25641.348
3701,-25620.355
3702,-25640.25
3703,-25618.654
3704,-25634.07
3705,-25612.043
3706,-25625.0
3707,-25610.305
3708,-25629.426
3709,-25614.287
3710,-25631.689
3711,-25616.135
3712,-25636.062
3713,-25620.891
3714,-25635.27
3715,-25618.348
3716,-25636.33
3717,-25615.795
3718,-25636.27
3719,-25616.936
3720,-25631.117
3721,-25609.631
3722,-25631.211
3723,-25610.9
3724,-25625.68
3725,-25605.654
3726,-25622.033
3727,-25600.715
3728,-25616.141
3729,-25601.775
3730,-25621.9
3731,-25597.945
3732,-25615.742
3733,-25593.41
3734,-25611.484
3735,-25597.994
3736,-25617.74
3737,-25600.303
3738,-25621.75
3739,-25600.365
3740,-25619.27
3741,-25592.83
3742,-25609.5
3743,-25589.461
3744,-25603.131
3745,-25582.348
3746,-25599.047
3747,-25583.703
3748,-25603.9
3749,-25586.332
3750,-25602.266
3751,-25584.801
3752,-25600.0
3753,-25582.186
3754,-25598.51
3755,-25584.09
3756,-25599.686
3757,-25583.775
3758,-25598.535
3759,-25582.205
3760,-25602.812
3761,-25580.654
3762,-25593.49
3763,-25572.211
3764,-25593.652
3765,-25574.465
3766,-25587.51
3767,-25572.574
3768,-25589.578
3769,-25570.615
3770,-25591.73
3771,-25571.088
3772,-25586.869
3773,-25561.926
3774,-25580.68
3775,-25565.445
3776,-25591.586
3777,-25558.24
3778,-25587.555
3779,-25559.805
3780,-25582.082
3781,-25563.836
3782,-25581.279
3783,-25567.93
3784,-25584.285
3785,-25571.145
3786,-25584.953
3787,-25563.086
3788,-25584.064
3789,-25563.176
3790,-25581.475
3791,-25553.645
3792,-25574.277
3793,-25549.525
3794,-25572.158
3795,-25551.801
3796,-25579.627
3797,-25557.359
3798,-25582.225
3799,-25561.52
3800,-25574.93
3801,-25554.195
3802,-25569.08
3803,-25548.227
3804,-25567.365
3805,-25543.75
3806,-25568.738
3807,-25548.936
3808,-25573.453
3809,-25546.455
3810,-25570.029
3811,-25545.869
3812,-25564.961
3813,-25540.48
3814,-25558.027
3815,-25537.832
3816,-25556.207
3817,-25538.51
3818,-25551.07
3819,-25535.84
3820,-25549.92
3821,-25533.0
3822,-25550.625
3823,-25534.693
3824,-25553.119
3825,-25532.775
3826,-25553.295
3827,-25534.346
3828,-25551.775
3829,-25526.225
3830,-25553.48
3831,-25526.131
3832,-25553.84
3833,-25534.76
3834,-25551.641
3835,-25528.516
3836,-25548.688
3837,-25532.33
3838,-25552.949
3839,-25527.307
3840,-25544.215
3841,-25528.303
3842,-25542.725
3843,-25520.463
3844,-25536.721
3845,-25517.443
3846,-25529.6
3847,-25517.217
3848,-25529.711
3849,-25512.715
3850,-25533.68
3851,-25516.414
3852,-25540.148
3853,-25519.65
3854,-25541.803
3855,-25518.76
3856,-25537.678
3857,-25510.119
3858,-25535.555
3859,-25509.051
3860,-25531.131
3861,-25503.824
3862,-25529.176
3863,-25501.162
3864,-25527.65
3865,-25505.32
3866,-25531.445
3867,-25504.074
3868,-25525.518
3869,-25501.824
3870,-25526.525
3871,-25508.41
3872,-25525.473
3873,-25503.428
3874,-25521.438
3875,-25500.348
3876,-25517.654
3877,-25493.564
3878,-25514.033
3879,-25486.539
3880,-25505.395
3881,-25482.908
3882,-25509.359
3883,-25488.553
3884,-25513.055
3885,-25495.125
3886,-25516.471
3887,-25488.262
3888,-25511.842
3889,-25490.137
3890,-25509.432
3891,-25496.439
3892,-25509.525
3893,-25491.555
3894,-25504.188
3895,-25488.715
3896,-25506.16
3897,-25485.762
3898,-25505.68
3899,-25483.824
3900,-25505.689
3901,-25487.619
3902,-25507.35
3903,-25481.473
3904,-25507.307
3905,-25478.73
3906,-25503.457
3907,-25475.822
3908,-25500.17
3909,-25470.471
3910,-25493.473
3911,-25470.195
3912,-25497.9
3913,-25472.881
3914,-25499.533
3915,-25479.07
3916,-25501.252
3917,-25474.25
3918,-25494.387
3919,-25471.244
3920,-25489.543
3921,-25471.855
3922,-25487.609
3923,-25471.289
3924,-25488.355
3925,-25468.131
3926,-25490.1
3927,-25468.865
3928,-25492.49
3929,-25467.262
3930,-25483.588
3931,-25466.244
3932,-25482.283
3933,-25459.635
3934,-25479.471
3935,-25461.926
3936,-25476.266
3937,-25458.607
3938,-25477.836
3939,-25454.426
3940,-25471.346
3941,-25445.766
3942,-25464.143
3943,-25448.494
3944,-25466.574
3945,-25448.42
3946,-25469.74
3947,-25458.77
3948,-25478.59
3949,-25460.82
3950,-25474.387
3951,-25453.283
3952,-25473.117
3953,-25449.285
3954,-25472.18
3955,-25452.08
3956,-25473.725
3957,-25446.73
3958,-25468.25
3959,-25446.0
3960,-25463.699
3961,-25438.355
3962,-25459.279
3963,-25436.768
3964,-25460.686
3965,-25440.248
3966,-25463.564
3967,-25444.168
3968,-25464.873
3969,-25443.785
3970,-25460.463
3971,-25437.439
3972,-25462.08
3973,-25434.385
3974,-25458.422
3975,-25436.971
3976,-25457.609
3977,-25433.117
3978,-25457.814
3979,-25430.914
3980,-25455.16
3981,-25430.539
3982,-25456.965
3983,-25436.318
3984,-25450.408
3985,-25425.234
3986,-25450.051
3987,-25426.664
3988,-25444.945
3989,-25423.025
3990,-25442.082
3991,-25427.047
3992,-25445.113
3993,-25422.914
3994,-25440.895
3995,-25420.535
3996,-25439.783
3997,-25419.836
3998,-25432.42
3999,-25411.43
