action: AIR[$r1],action: AIR[$r2],action: AIR[$r3],action: AIR[$r4],action: AIR[$r5],action: AIR[$r6],states: TEMP[$r1],states: TEMP[$r2],states: TEMP[$r3],states: TEMP[$r4],states: TEMP[$r5],states: TEMP[$r6]
10.0,10.0,10.0,10.0,10.0,10.0,10.0,10.0,10.0,10.0,10.0,10.0
10.0,10.0,10.0,10.0,10.0,10.0,13.76,13.7725,13.76,13.76,13.7725,13.76
10.0,10.0,10.0,10.0,10.0,10.0,17.012034166666666,17.046821666666666,17.012034166666666,17.012034166666666,17.046821666666666,17.012034166666666
10.0,10.0,10.0,10.0,10.0,10.0,19.824822945729167,19.888561414999998,19.824822945729167,19.824822945729167,19.888561414999998,19.824822945729167
4.984203497681879,8.831243429933206,7.034018756100727,1.7406585565631716,1.8957576525275355,8.990412438990829,22.257774899098102,22.35470900039882,22.257774899098102,22.257774899098102,22.35470900039882,22.257774899098102
7.501416459896356,0.0,0.0,0.497114599556463,8.974735108183996,0.0,23.243184113184086,24.23543699292562,23.70051528109048,22.519521729471073,22.696525283494196,24.1370033032213
0.0,0.0,0.0,3.7390455009136803,0.0,0.0,24.68944318670489,24.120914792544767,23.567668031446637,22.506431009753946,24.593348551648354,23.976327513571448
0.0,0.0,3.345378703144537,0.48712390136689376,0.0,0.0,24.516300152070272,24.036723370026074,23.435987029012015,23.234787290825423,24.47567035370826,23.834535789431317
0.0,0.0,0.0,8.367772400005911,0.0,0.0,24.353034091117205,23.95164207750268,24.0026691965746,23.22192782897173,24.365856042240566,23.69435856477088
0.0,0.0,0.0,0.0,0.0,0.0,24.193203577548314,23.871666256996825,23.85589969159942,24.869899123371894,24.257489111514257,23.561639020803433
10.0,10.0,10.0,10.0,10.0,10.0,10.0,10.0,10.0,10.0,10.0,10.0
10.0,10.0,10.0,10.0,10.0,10.0,13.76,13.7725,13.76,13.76,13.7725,13.76
10.0,10.0,10.0,10.0,10.0,10.0,17.012034166666666,17.046821666666666,17.012034166666666,17.012034166666666,17.046821666666666,17.012034166666666
10.0,10.0,10.0,10.0,10.0,10.0,19.824822945729167,19.888561414999998,19.824822945729167,19.824822945729167,19.888561414999998,19.824822945729167
5.832664717910316,5.051220529674463,7.405568952635106,7.537127766647932,5.11595456248264,3.874112940576145,22.257774899098102,22.35470900039882,22.257774899098102,22.257774899098102,22.35470900039882,22.257774899098102
0.5688496069179505,7.735324595566339,0.0,0.0,9.326146205510407,2.689120925812274,23.432483006914474,23.396689471868328,23.783411280922184,23.812763168031893,23.41105327626279,22.995513495611153
4.0493247489034365,0.0,0.0,0.0,0.0,8.440751071268352,23.4154363516373,24.931633175663176,23.631903303543833,23.66425192955754,25.2724893482952,23.446227743155248
0.0,0.0,0.0,0.0,0.0,0.0,24.136365344214408,24.81768488061934,23.5008879960042,23.534978083058082,25.145574996564108,25.08149335780871
0.0,0.0,5.174960816977887,9.978983996391202,0.0,0.0,23.992003021406138,24.711155797573173,23.385962189761823,23.41402086498493,25.03422708060053,24.914966659887178
0.0,0.0,0.0,0.0,0.0,0.0,23.84950441491167,24.60486711466375,24.35291448631374,25.37538625174572,24.923075345352142,24.7508909803723
10.0,10.0,10.0,10.0,10.0,10.0,10.0,10.0,10.0,10.0,10.0,10.0
10.0,10.0,10.0,10.0,10.0,10.0,13.76,13.7725,13.76,13.76,13.7725,13.76
10.0,10.0,10.0,10.0,10.0,10.0,17.012034166666666,17.046821666666666,17.012034166666666,17.012034166666666,17.046821666666666,17.012034166666666
10.0,10.0,10.0,10.0,10.0,10.0,19.824822945729167,19.888561414999998,19.824822945729167,19.824822945729167,19.888561414999998,19.824822945729167
5.768431070467795,8.119954535876142,3.3777175204785936,2.523596434640453,9.075934971728023,5.77702345135949,22.257774899098102,22.35470900039882,22.257774899098102,22.257774899098102,22.35470900039882,22.257774899098102
1.8087994392095907,0.0,4.857728173704108,4.14059836155876,0.0,8.63521444845638,23.41815193542736,24.07760943145632,22.884763467634624,22.69420180988741,24.28973148518651,23.42006896847322
0.0,0.0,0.0,4.313039838818935,0.0,0.0,23.65648428376771,23.97595619412538,23.81137024361978,23.483101388625485,24.17810971135624,25.084920724832376
0.0,0.0,0.0,0.0,0.0,0.0,23.517172152067516,23.886257265048492,23.681373117850164,24.247252281276133,24.08957693543955,24.912829913914667
0.1774635580555073,0.0,0.0,0.0,0.0,0.0,23.38710837349346,23.79637941056037,23.552579752730843,24.093786328847127,24.007997151709056,24.74339955201722
9.448990508671695,0.0,2.9636982659145126,0.0,0.0,0.0,23.295477206863502,23.706473264629803,23.424979479691622,23.94255318924342,23.92552695148002,24.57662832955377
10.0,10.0,10.0,10.0,10.0,10.0,10.0,10.0,10.0,10.0,10.0,10.0
10.0,10.0,10.0,10.0,10.0,10.0,13.76,13.7725,13.76,13.76,13.7725,13.76
10.0,10.0,10.0,10.0,10.0,10.0,17.012034166666666,17.046821666666666,17.012034166666666,17.012034166666666,17.046821666666666,17.012034166666666
10.0,10.0,10.0,10.0,10.0,10.0,19.824822945729167,19.888561414999998,19.824822945729167,19.824822945729167,19.888561414999998,19.824822945729167
4.6469966848908815,0.9473191880243748,9.478857301156893,5.817899153474127,0.6243866456774116,3.5868731425473097,22.257774899098102,22.35470900039882,22.257774899098102,22.257774899098102,22.35470900039882,22.257774899098102
6.858714356000657,2.0781468212021768,0.0,9.309728296801127,0.6845690326123555,3.8780735650059617,23.167950413519534,22.48607671427443,24.245979494297462,23.429188684267267,22.414421362836293,22.931427860692494
0.0,6.979701739271695,0.0,0.0,7.80985112750618,0.0,24.480231801412145,22.88547578204664,24.074302983091524,25.220098779330833,22.501577811710924,23.636721152416584
0.0,0.0,0.0,0.0,0.0,1.7941579909490468,24.324855552928515,24.327076436712325,23.916302984027375,25.036090453728452,24.17725637800569,23.49056387902909
0.0,0.0,0.0,0.0,0.0,0.0,24.18400549699134,24.232842089023077,23.77321292978284,24.86954319758706,24.091331539271927,23.733338355566623
0.0,0.0,0.0,0.0,0.0,0.0,24.044650231228943,24.13847035679149,23.635087013441325,24.705443318785424,24.007941792354487,23.595403873132533
10.0,10.0,10.0,10.0,10.0,10.0,10.0,10.0,10.0,10.0,10.0,10.0
10.0,10.0,10.0,10.0,10.0,10.0,13.76,13.7725,13.76,13.76,13.7725,13.76
10.0,10.0,10.0,10.0,10.0,10.0,17.012034166666666,17.046821666666666,17.012034166666666,17.012034166666666,17.046821666666666,17.012034166666666
10.0,10.0,10.0,10.0,10.0,10.0,19.824822945729167,19.888561414999998,19.824822945729167,19.824822945729167,19.888561414999998,19.824822945729167
0.46930207427967163,8.273811668968753,6.5348640503798165,1.9190424889248792,2.253092173778205,7.7884857439089945,22.257774899098102,22.35470900039882,22.257774899098102,22.257774899098102,22.35470900039882,22.257774899098102
3.5274212552843287,0.0,0.0,2.1624305066491747,2.911094085961712,0.0,22.235871316352103,24.11174871907005,23.589149633090862,22.55932069759157,22.775814074010963,23.868843264436318
4.609907782811268,0.0,7.563426741825973,9.27600938038328,3.9245469358578253,0.0,22.91495692709729,23.99243019679456,23.455937127925008,22.902442547537657,23.34492840411593,23.714883501984136
0.0,0.0,0.0,0.0,0.0,0.0,23.780666811693923,23.886131940304217,24.897423709254777,24.76713239142081,24.08826142511463,23.568565623553642
0.0,0.0,0.0,0.0,0.0,1.20588249107083,23.648072482903768,23.808576583386905,24.72575911319175,24.60231272070096,23.999851838540454,23.44426493656001
0.0,0.0,0.0,0.0,0.0,0.0,23.516911339528882,23.730172593778033,24.556882815618604,24.43994352961141,23.911149420591464,23.5720846700938
10.0,10.0,10.0,10.0,10.0,10.0,10.0,10.0,10.0,10.0,10.0,10.0
10.0,10.0,10.0,10.0,10.0,10.0,13.76,13.7725,13.76,13.76,13.7725,13.76
10.0,10.0,10.0,10.0,10.0,10.0,17.012034166666666,17.046821666666666,17.012034166666666,17.012034166666666,17.046821666666666,17.012034166666666
10.0,10.0,10.0,10.0,10.0,10.0,19.824822945729167,19.888561414999998,19.824822945729167,19.824822945729167,19.888561414999998,19.824822945729167
5.771516595909628,3.1022557385330263,9.856689890529166,9.126190031582086,6.102415949443047,6.930575180096255,22.257774899098102,22.35470900039882,22.257774899098102,22.257774899098102,22.35470900039882,22.257774899098102
6.840843011489904,8.91972064174597,0.0,0.0,0.0,0.0,23.418840342320678,22.96423458195591,24.330277149250037,24.167296435609813,23.62993873404008,23.677436142015758
0.0,0.0,0.0,0.0,0.0,0.0,24.709358527231213,24.814752645540967,24.166606771188082,24.011262916568814,23.544077874931176,23.541754708178182
0.0,0.0,0.0,0.0,2.439473864743263,5.106351549604669,24.55401911193548,24.70529198514573,24.02148894780272,23.869331581467854,23.473890193591977,23.407527218037036
0.0,0.0,0.0,0.0,0.0,0.0,24.400630060617274,24.596163262721014,23.878119499813547,23.72921698241319,23.9096436695355,24.3404430366193
0.0,0.0,0.0,0.0,0.0,0.0,24.249158488164817,24.491603104344033,23.745348523667072,23.59510423791412,23.830515832210462,24.186058692285247
10.0,10.0,10.0,10.0,10.0,10.0,10.0,10.0,10.0,10.0,10.0,10.0
10.0,10.0,10.0,10.0,10.0,10.0,13.76,13.7725,13.76,13.76,13.7725,13.76
10.0,10.0,10.0,10.0,10.0,10.0,17.012034166666666,17.046821666666666,17.012034166666666,17.012034166666666,17.046821666666666,17.012034166666666
10.0,10.0,10.0,10.0,10.0,10.0,19.824822945729167,19.888561414999998,19.824822945729167,19.824822945729167,19.888561414999998,19.824822945729167
7.103471903664645,9.745753844263445,9.236475640189951,5.338208098752476,4.839908004865134,4.640126761478287,22.257774899098102,22.35470900039882,22.257774899098102,22.257774899098102,22.35470900039882,22.257774899098102
0.0,0.0,0.0,4.895479058692511,7.3570672997848705,6.72300201028572,23.716010867319397,24.438357282892134,24.191902090183195,23.32216554186988,23.349801434142407,23.16641767534481
0.0,0.0,0.0,0.0,0.0,0.0,23.577660774522638,24.3309729043988,24.039861097903316,24.21498089927238,24.81407311672908,24.46369692428318
0.2914621855372612,0.0,0.0,0.0,0.0,0.0,23.44945880688337,24.23672662604596,23.9016952970511,24.068896887447593,24.709547087897583,24.31498760200191
2.19234101639307,0.0,0.0,0.0,0.0,0.0,23.383252680350957,24.14233476224729,23.765102933924126,23.92467774679349,24.60504550069658,24.16812848640768
0.0,0.0,0.0,0.0,0.0,0.0,23.71422417314408,24.048331810218492,23.630057238758642,23.782791748646137,24.500597337095215,24.023084710695986
10.0,10.0,10.0,10.0,10.0,10.0,10.0,10.0,10.0,10.0,10.0,10.0
10.0,10.0,10.0,10.0,10.0,10.0,13.76,13.7725,13.76,13.76,13.7725,13.76
10.0,10.0,10.0,10.0,10.0,10.0,17.012034166666666,17.046821666666666,17.012034166666666,17.012034166666666,17.046821666666666,17.012034166666666
10.0,10.0,10.0,10.0,10.0,10.0,19.824822945729167,19.888561414999998,19.824822945729167,19.824822945729167,19.888561414999998,19.824822945729167
4.554890510449836,8.653465798303639,5.939963610230041,7.4248692112130215,3.4685476571800122,7.887669280906177,22.257774899098102,22.35470900039882,22.257774899098102,22.257774899098102,22.35470900039882,22.257774899098102
1.7892450283779848,0.0,8.52158349546886,0.0,4.911593071629423,0.0,23.147400744882077,24.195989997030825,23.456422299754696,23.78771733228954,23.045510925209662,23.89097195268064
2.019257417117325,0.0,0.0,0.0,0.0,0.0,23.404897453341707,24.082776426038997,25.100344446427876,23.634436457345263,24.03395927422012,23.737577334954285
0.0,0.0,0.0,2.7427202651124127,0.0,0.0,23.695673888796552,23.99718300584186,24.92644259114376,23.49553014733158,23.94085463205356,23.610113789528583
0.0,0.0,0.0,0.0,0.0,2.62052146985178,23.555621657552255,23.914462462842582,24.755293955294146,23.93112278900311,23.847726482657738,23.48374455311959
3.021256442551601,0.0,0.0,0.0,0.0,0.0,23.422157220652213,23.830957528341287,24.58685990034138,23.784194367541236,23.759396111782728,23.902724990849705
10.0,10.0,10.0,10.0,10.0,10.0,10.0,10.0,10.0,10.0,10.0,10.0
10.0,10.0,10.0,10.0,10.0,10.0,13.76,13.7725,13.76,13.76,13.7725,13.76
10.0,10.0,10.0,10.0,10.0,10.0,17.012034166666666,17.046821666666666,17.012034166666666,17.012034166666666,17.046821666666666,17.012034166666666
10.0,10.0,10.0,10.0,10.0,10.0,19.824822945729167,19.888561414999998,19.824822945729167,19.824822945729167,19.888561414999998,19.824822945729167
1.0380432370755688,1.9420624606300319,0.11410989823039563,1.2751134319237323,3.0635422805340284,6.2363291049452645,22.257774899098102,22.35470900039882,22.257774899098102,22.257774899098102,22.35470900039882,22.257774899098102
0.9105751423372688,0.2529256400625124,5.548321944969422,4.22652660850687,3.052572330356431,0.0,22.36276229306311,22.706799835800837,22.15662492961717,22.41565466404162,22.955644470788595,23.522543954995868
7.578620511964484,0.986534043297217,2.847083468439049,0.04632533506093606,0.0,8.51905238123818,22.43962402605715,22.677005985243227,23.291058947983913,23.225399892818494,23.527088520437918,23.367163284504564
0.0,4.887488070160957,0.0,7.364551464802801,6.534941603930592,0.0,23.992552942369784,22.82290091483365,23.747687119420355,23.094649602300905,23.431613413862284,25.01187192709812
0.0,0.0,0.0,0.0,0.0,0.0,23.831643130471694,23.820991340957313,23.609130874368216,24.535269384033576,24.714492508105536,24.83493193344063
0.0,0.0,8.725040621695625,0.0,0.0,0.0,23.695246263323916,23.740379249160277,23.48102578513486,24.38213120747918,24.614591222714168,24.67213577586123
10.0,10.0,10.0,10.0,10.0,10.0,10.0,10.0,10.0,10.0,10.0,10.0
10.0,10.0,10.0,10.0,10.0,10.0,13.76,13.7725,13.76,13.76,13.7725,13.76
10.0,10.0,10.0,10.0,10.0,10.0,17.012034166666666,17.046821666666666,17.012034166666666,17.012034166666666,17.046821666666666,17.012034166666666
10.0,10.0,10.0,10.0,10.0,10.0,19.824822945729167,19.888561414999998,19.824822945729167,19.824822945729167,19.888561414999998,19.824822945729167
7.080119980042587,4.250151186426148,8.01643804739775,6.353656070278269,7.676974217659108,2.848590683914872,22.257774899098102,22.35470900039882,22.257774899098102,22.257774899098102,22.35470900039882,22.257774899098102
0.0,1.2718314176221623,0.0,0.0,0.0,6.286137930783965,23.71080085511997,23.218940568336944,23.919701356526957,23.54872059596987,23.979316734934226,22.76671078306101
0.0,9.050763002230415,0.0,6.4448455592673435,0.0,0.0,23.56431259255378,23.42098135027056,23.761256228295718,23.41414031036694,23.87191618652893,24.01649639905868
0.33745465073697467,0.0,0.0,0.0,0.0,0.0,23.42220129929467,25.23180162338495,23.619035828594928,24.625132279514744,23.778848956197372,23.869259908790067
9.864903672635547,0.0,7.282495046573745,0.0,0.0,0.0,23.37932034967667,25.095975206688227,23.494382283326726,24.45844487853148,23.712644874746953,23.723896971871927
0.0,0.0,0.0,0.0,0.0,0.0,25.32650203477882,24.962445544043806,24.882172826243345,24.295189253356586,23.64477736455354,23.58072904788004
10.0,10.0,10.0,10.0,10.0,10.0,10.0,10.0,10.0,10.0,10.0,10.0
10.0,10.0,10.0,10.0,10.0,10.0,13.76,13.7725,13.76,13.76,13.7725,13.76
10.0,10.0,10.0,10.0,10.0,10.0,17.012034166666666,17.046821666666666,17.012034166666666,17.012034166666666,17.046821666666666,17.012034166666666
10.0,10.0,10.0,10.0,10.0,10.0,19.824822945729167,19.888561414999998,19.824822945729167,19.824822945729167,19.888561414999998,19.824822945729167
6.1676939022085815,2.3068180815499586,7.621393735647505,1.1977860892345982,5.229152716221815,7.172746664223925,22.257774899098102,22.35470900039882,22.257774899098102,22.257774899098102,22.35470900039882,22.257774899098102
0.0,0.9965207692112277,0.0,7.764231446432847,5.460513747578098,0.0,23.507230859194607,22.787735290667356,23.831563620345367,22.398402278102022,23.436170761881858,23.731466653894746
8.79699708081747,0.3351086706143247,0.0,0.0,0.0,0.0,23.352864535309493,22.943601109141095,23.679860000603558,24.006091263257,24.4779750362313,23.588607496301464
0.0,4.816415564858479,0.0,0.0,0.0,7.757511104515288,25.058757844048,22.9569115914241,23.532215384799862,23.860772966372522,24.363357481921568,23.45688613472557
0.0,0.0,9.69271562140267,0.0,0.0,0.0,24.877583396507553,23.94219980839055,23.387428923538614,23.732499631422986,24.250123983049203,24.94020187198401
0.0,0.0,0.0,0.0,0.0,0.0,24.70826882422195,23.86079886690414,25.291822802002745,23.605113348350987,24.15993178617723,24.768947055789322
10.0,10.0,10.0,10.0,10.0,10.0,10.0,10.0,10.0,10.0,10.0,10.0
10.0,10.0,10.0,10.0,10.0,10.0,13.76,13.7725,13.76,13.76,13.7725,13.76
10.0,10.0,10.0,10.0,10.0,10.0,17.012034166666666,17.046821666666666,17.012034166666666,17.012034166666666,17.046821666666666,17.012034166666666
10.0,10.0,10.0,10.0,10.0,10.0,19.824822945729167,19.888561414999998,19.824822945729167,19.824822945729167,19.888561414999998,19.824822945729167
7.465573276247016,6.491097874446016,0.7479219652126967,7.440706586675079,2.2940104885968085,9.668238637405054,22.257774899098102,22.35470900039882,22.257774899098102,22.257774899098102,22.35470900039882,22.257774899098102
0.0,0.0,0.4123093851603554,0.0,3.119167021726985,0.0,23.7967987543953,23.716183185377584,22.298033776895323,23.791250785066264,22.78489341983122,24.28823207649009
0.0,0.0,0.5988589122995958,0.0,6.343254468463777,0.0,23.65423573658662,23.611550177093882,22.290423594434678,23.64111773065705,23.408899885978027,24.112667092804216
0.0,0.0,1.0334495397647836,5.53929489078823,0.0,0.0,23.51326224684427,23.514135560868027,22.322260260030898,23.49890641994256,24.65799563147846,23.946810749599212
8.25442516932295,9.521912193421478,9.64954814898996,0.0,0.0,0.0,23.373963059006122,23.429264809077182,22.447442613892438,24.519043504666662,24.541265374081508,23.795948018757645
0.0,0.0,0.0,0.0,0.0,0.0,24.97185794102467,25.330103325616896,24.467548400066345,24.361070317008366,24.434719633912305,23.64908443900228
10.0,10.0,10.0,10.0,10.0,10.0,10.0,10.0,10.0,10.0,10.0,10.0
10.0,10.0,10.0,10.0,10.0,10.0,13.76,13.7725,13.76,13.76,13.7725,13.76
10.0,10.0,10.0,10.0,10.0,10.0,17.012034166666666,17.046821666666666,17.012034166666666,17.012034166666666,17.046821666666666,17.012034166666666
10.0,10.0,10.0,10.0,10.0,10.0,19.824822945729167,19.888561414999998,19.824822945729167,19.824822945729167,19.888561414999998,19.824822945729167
8.56896951551916,0.44180564654451415,2.1058454348822297,8.377126184885675,9.279004630150226,7.745793566231285,22.257774899098102,22.35470900039882,22.257774899098102,22.257774899098102,22.35470900039882,22.257774899098102
0.0,5.670952679177351,9.184037810115003,0.0,0.0,0.0,24.042975812887438,22.37390854996302,22.600998019043907,24.000173938868144,24.334790517128333,23.859318277539266
0.0,0.0,0.0,0.0,0.0,0.0,23.88455733850042,23.585669497125558,24.488355385073092,23.85956746196025,24.222106653187826,23.71036343519645
0.0,0.0,0.0,0.0,0.0,0.0,23.739190632469356,23.516075820146728,24.3260214046895,23.720363425902438,24.120629156894726,23.58007657105705
0.0,5.953768491982208,0.0,0.0,0.0,5.236810546582853,23.59586953679921,23.445247127384256,24.16624920053574,23.58272745993093,24.019497127550984,23.450984165032306
8.118574296472403,0.0,0.0,3.226480009653241,0.0,0.0,23.454543555839358,24.61269509988344,24.008971721708594,23.44663865453148,23.91871249858458,24.412879901269722
10.0,10.0,10.0,10.0,10.0,10.0,10.0,10.0,10.0,10.0,10.0,10.0
10.0,10.0,10.0,10.0,10.0,10.0,13.76,13.7725,13.76,13.76,13.7725,13.76
10.0,10.0,10.0,10.0,10.0,10.0,17.012034166666666,17.046821666666666,17.012034166666666,17.012034166666666,17.046821666666666,17.012034166666666
10.0,10.0,10.0,10.0,10.0,10.0,19.824822945729167,19.888561414999998,19.824822945729167,19.824822945729167,19.888561414999998,19.824822945729167
7.230472528483112,7.4109889125536474,4.861062069895734,6.544601811120309,8.423023965272634,9.69238238926803,22.257774899098102,22.35470900039882,22.257774899098102,22.257774899098102,22.35470900039882,22.257774899098102
0.0,0.0,3.4455903072431084,0.0,0.0,0.0,23.744345783763464,23.920297379448414,23.215710216326407,23.59132221009455,24.14485736601173,24.29361875228528
0.0,0.0,0.0,4.372834317071952,0.0,0.0,23.603183608890816,23.827829031058165,23.821401775245782,23.45729155378813,24.051207559505766,24.136893827130667
4.878988687441151,0.0,0.0,0.0,0.0,0.0,23.463810040616337,23.741340981701285,23.68200879450033,24.23445144177058,23.95729077670435,23.988517294838736
0.0,0.0,0.0,0.0,0.0,0.0,24.348371129100244,23.65444998945496,23.54428863444805,24.079771775618813,23.87082802091826,23.84206048671235
0.0,0.0,4.672904453553198,0.0,0.0,0.0,24.19333414565554,23.575777492155048,23.40821037189403,23.935771045212228,23.783833664029448,23.697549466998932
10.0,10.0,10.0,10.0,10.0,10.0,10.0,10.0,10.0,10.0,10.0,10.0
10.0,10.0,10.0,10.0,10.0,10.0,13.76,13.7725,13.76,13.76,13.7725,13.76
10.0,10.0,10.0,10.0,10.0,10.0,17.012034166666666,17.046821666666666,17.012034166666666,17.012034166666666,17.046821666666666,17.012034166666666
10.0,10.0,10.0,10.0,10.0,10.0,19.824822945729167,19.888561414999998,19.824822945729167,19.824822945729167,19.888561414999998,19.824822945729167
2.895728559203643,1.750563855374282,7.260737051547239,3.86555910902905,3.2913826647678923,5.421302814455268,22.257774899098102,22.35470900039882,22.257774899098102,22.257774899098102,22.35470900039882,22.257774899098102
8.155335894349212,4.14158716656285,0.0,3.681947805235427,0.4128763303592764,7.394559043739379,22.777227642797467,22.664308299457712,23.751098055521712,22.993605063250996,23.006199867545533,23.34070467763986
0.0,0.0,0.0,0.0,1.5357350705377626,0.0,24.412056266370463,23.500853819066183,23.59720498513498,23.644996308107576,23.012975053661457,24.75285887283871
0.0,5.68412882067133,5.321970646114586,0.0,5.718039296206242,0.0,24.250457718826848,23.42080410643009,23.46605871107963,23.505699790250873,23.283526683741936,24.577921340015173
0.0,0.0,0.0,2.423263516916061,0.0,0.0,24.091239581538073,24.52811744046884,24.44271667468366,23.370938728234496,24.416273735483863,24.408701183409125
0.0,0.0,0.0,0.0,0.0,0.0,23.944272352174714,24.4320323537184,24.29524441647942,23.754529523396492,24.318329825850928,24.261466176842575
10.0,10.0,10.0,10.0,10.0,10.0,10.0,10.0,10.0,10.0,10.0,10.0
10.0,10.0,10.0,10.0,10.0,10.0,13.76,13.7725,13.76,13.76,13.7725,13.76
10.0,10.0,10.0,10.0,10.0,10.0,17.012034166666666,17.046821666666666,17.012034166666666,17.012034166666666,17.046821666666666,17.012034166666666
10.0,10.0,10.0,10.0,10.0,10.0,19.824822945729167,19.888561414999998,19.824822945729167,19.824822945729167,19.888561414999998,19.824822945729167
8.070493774129176,7.948788154552248,3.3906856863062074,3.031872712150671,2.963388072119757,9.748066283266178,22.257774899098102,22.35470900039882,22.257774899098102,22.257774899098102,22.35470900039882,22.257774899098102
0.0,0.0,8.15424288425001,5.747054579731725,0.1128756549621468,0.0,23.931761647588104,24.039629402813127,22.887656775409162,22.807602557910023,22.933421300123367,24.30604230127154
0.0,0.0,0.0,0.0,7.698075121454137,0.0,23.78018228768819,23.932164648334556,24.530447546789365,23.927928770047895,22.896420332380348,24.13616476697203
0.0,0.0,0.0,0.0,0.0,0.0,23.6409908190995,23.840176587797917,24.373453220385947,23.775027313495137,24.49905887737818,23.984092708491882
0.0,0.0,0.0,0.0,0.0,0.0,23.50338338236289,23.761950260403097,24.218513453574143,23.63830305801018,24.392624092541652,23.84802789502294
2.795486960050239,0.0,0.0,0.0,0.0,0.0,23.3675682177673,23.682843655836155,24.065822817015867,23.503105644832036,24.286590266428362,23.713328314807683
10.0,10.0,10.0,10.0,10.0,10.0,10.0,10.0,10.0,10.0,10.0,10.0
10.0,10.0,10.0,10.0,10.0,10.0,13.76,13.7725,13.76,13.76,13.7725,13.76
10.0,10.0,10.0,10.0,10.0,10.0,17.012034166666666,17.046821666666666,17.012034166666666,17.012034166666666,17.046821666666666,17.012034166666666
10.0,10.0,10.0,10.0,10.0,10.0,19.824822945729167,19.888561414999998,19.824822945729167,19.824822945729167,19.888561414999998,19.824822945729167
9.04684976286947,2.9718508544235744,5.725589575923081,7.117157917946194,8.689203703899938,4.365666021418461,22.257774899098102,22.35470900039882,22.257774899098102,22.257774899098102,22.35470900039882,22.257774899098102
0.0,2.4709484192870335,5.5091468185944334,0.0,0.0,4.1007502733434755,24.14959494880347,22.935299102947813,23.40859363467098,23.719064333171826,24.20391986426116,23.10518315663368
0.0,9.836398403497643,0.0,0.0,0.0,0.0,23.990735608979374,23.409325972396243,24.413327034536948,23.58557632293768,24.09137692344261,23.852720541136446
0.0,0.0,0.0,8.798448074527634,0.0,0.0,23.838851054956653,25.396558628756598,24.252663697291986,23.45330287729803,23.991418251555615,23.717011810027515
0.0,0.0,0.0,0.0,0.0,0.0,23.70637982128428,25.26610727997299,24.111613667164875,25.15310994623512,23.908910375495186,23.582665310381778
0.0,0.0,0.0,0.0,0.0,8.476395176744022,23.590436323656736,25.136765626340036,23.972030166168746,24.976125126358408,23.840939280732545,23.449954434946086
10.0,10.0,10.0,10.0,10.0,10.0,10.0,10.0,10.0,10.0,10.0,10.0
10.0,10.0,10.0,10.0,10.0,10.0,13.76,13.7725,13.76,13.76,13.7725,13.76
10.0,10.0,10.0,10.0,10.0,10.0,17.012034166666666,17.046821666666666,17.012034166666666,17.012034166666666,17.046821666666666,17.012034166666666
10.0,10.0,10.0,10.0,10.0,10.0,19.824822945729167,19.888561414999998,19.824822945729167,19.824822945729167,19.888561414999998,19.824822945729167
9.998054302763876,0.6011826342670734,4.093711309938504,7.472925668261712,7.111411229562201,6.715749851789571,22.257774899098102,22.35470900039882,22.257774899098102,22.257774899098102,22.35470900039882,22.257774899098102
0.0,5.351204116760739,3.2003418163445883,0.0,0.0,0.0,24.361816748480834,22.4092726355501,23.044507754151454,23.798439135406795,23.85382422687678,23.629506789413437
0.0,0.0,0.0,0.0,0.0,0.8454086708964614,24.193708702080453,23.54902196500503,23.591658748380983,23.661735124383558,23.7528690411233,23.48622448328103
0.0,7.499008083944804,8.696011916187436,0.0,0.0,0.0,24.038337180375347,23.471766999361826,23.450503022210945,23.5263489200461,23.66223339669378,23.525949964922354
0.0,0.0,0.0,9.332339465951074,0.0,4.084015109710801,23.88523978229814,24.952312706489348,25.122436864001354,23.392438338395475,23.572989152083185,23.387151154743375
0.0,0.0,0.0,0.0,2.4092648757266257,0.0,23.747351255008166,24.839891816064746,24.952285602844924,25.208962092118455,23.496599092744155,24.11833358255888
10.0,10.0,10.0,10.0,10.0,10.0,10.0,10.0,10.0,10.0,10.0,10.0
10.0,10.0,10.0,10.0,10.0,10.0,13.76,13.7725,13.76,13.76,13.7725,13.76
10.0,10.0,10.0,10.0,10.0,10.0,17.012034166666666,17.046821666666666,17.012034166666666,17.012034166666666,17.046821666666666,17.012034166666666
10.0,10.0,10.0,10.0,10.0,10.0,19.824822945729167,19.888561414999998,19.824822945729167,19.824822945729167,19.888561414999998,19.824822945729167
0.028029238369119414,2.688358535645874,4.107345227953951,6.595291776595761,4.32380473205276,7.724880053717453,22.257774899098102,22.35470900039882,22.257774899098102,22.257774899098102,22.35470900039882,22.257774899098102
4.068718767563086,6.545876601312619,0.44007404939713,0.0,5.4535538712576415,0.0,22.137419604382703,22.872395124350934,23.0475495968851,23.602631571275666,23.23528351927705,23.85465229553738
5.881263269737151,0.0,1.6672950746398474,3.2727303388485653,0.0,0.0,22.943389728681822,24.200150038386067,23.011808748345448,23.447335566804192,24.307459669693934,23.70037766797578
0.0,0.0,4.514590349316813,0.0,0.0,0.0,24.085671776056,24.09191750090918,23.249142379325246,23.992952967093988,24.204917082292383,23.558757569689238
0.0,0.0,0.0,0.0,0.0,8.12700196248798,23.940397994121234,23.997709505986382,24.072997418593896,23.851808057395484,24.108043657118184,23.42194875349206
0.0,0.0,0.0,0.0,0.0,0.0,23.796946109385843,23.911293076172917,23.922510262980335,23.71232090299447,24.01109617880719,24.988988773809353
10.0,10.0,10.0,10.0,10.0,10.0,10.0,10.0,10.0,10.0,10.0,10.0
10.0,10.0,10.0,10.0,10.0,10.0,13.76,13.7725,13.76,13.76,13.7725,13.76
10.0,10.0,10.0,10.0,10.0,10.0,17.012034166666666,17.046821666666666,17.012034166666666,17.012034166666666,17.046821666666666,17.012034166666666
10.0,10.0,10.0,10.0,10.0,10.0,19.824822945729167,19.888561414999998,19.824822945729167,19.824822945729167,19.888561414999998,19.824822945729167
6.5682054845881686,0.864008288230288,6.105333589458837,7.408414293580958,1.1708181479362256,4.336949554507163,22.257774899098102,22.35470900039882,22.257774899098102,22.257774899098102,22.35470900039882,22.257774899098102
0.0,7.3727186215934655,4.25433071048353,0.0,5.699670349869662,8.052336545851016,23.596588389819576,22.46759089751534,23.493317744564536,23.78404610061753,22.53566879441027,23.09877626933164
5.235909682857139,0.0,0.0,0.0,0.0,0.0,23.44877420881913,24.033655408695996,24.225560253344113,23.630355376615864,23.723576459363656,24.673456869707106
0.0,0.0,0.0,4.344064233578399,0.0,0.0,24.406337733552455,23.94008626818697,24.081828890733302,23.489334460918016,23.647526925467034,24.511745069664382
0.0,0.0,0.0,0.0,0.0,0.0,24.247251194483734,23.8555893518874,23.939713191185884,24.261253564707776,23.570551424035934,24.352413006943543
0.0,0.0,0.0,0.0,0.0,0.0,24.09803605226568,23.770581483055132,23.799266513155676,24.109181774947842,23.5003821580643,24.195404456681235
10.0,10.0,10.0,10.0,10.0,10.0,10.0,10.0,10.0,10.0,10.0,10.0
10.0,10.0,10.0,10.0,10.0,10.0,13.76,13.7725,13.76,13.76,13.7725,13.76
10.0,10.0,10.0,10.0,10.0,10.0,17.012034166666666,17.046821666666666,17.012034166666666,17.012034166666666,17.046821666666666,17.012034166666666
10.0,10.0,10.0,10.0,10.0,10.0,19.824822945729167,19.888561414999998,19.824822945729167,19.824822945729167,19.888561414999998,19.824822945729167
3.4437616264061335,6.206384611691867,9.303422903670482,0.8416046556306422,1.9261679677955845,3.307021903478512,22.257774899098102,22.35470900039882,22.257774899098102,22.257774899098102,22.35470900039882,22.257774899098102
1.023610430922881,0.0,0.0,0.9414782302057145,7.393993501933601,3.369230400571923,22.8994984677636,23.653008292090345,24.2068385924216,22.3189351796171,22.70327301418755,22.86899067593756
3.393473671395013,0.0,0.0,2.476383504315649,0.0,1.3953490640873345,22.987622856423954,23.558098533582296,24.04538549547752,22.408313700509222,24.23821066196761,23.471419481867866
0.0,4.282852099139052,0.0,9.303017454695029,0.0,0.0,23.579258282923448,23.478334779523426,23.892366231661544,22.847376781408542,24.121915176414117,23.633816878249696
1.5394423571669602,0.0,0.0,0.0,0.0,9.396102764153827,23.432512694813415,24.293554744199337,23.744020458193468,24.737760041331445,24.01360139747769,23.49972190877924
0.0,0.0,0.0,0.0,0.0,0.0,23.632856798178157,24.190132279697146,23.605213897536167,24.57018182435753,23.930101659592427,25.316586896623534
10.0,10.0,10.0,10.0,10.0,10.0,10.0,10.0,10.0,10.0,10.0,10.0
10.0,10.0,10.0,10.0,10.0,10.0,13.76,13.7725,13.76,13.76,13.7725,13.76
10.0,10.0,10.0,10.0,10.0,10.0,17.012034166666666,17.046821666666666,17.012034166666666,17.012034166666666,17.046821666666666,17.012034166666666
10.0,10.0,10.0,10.0,10.0,10.0,19.824822945729167,19.888561414999998,19.824822945729167,19.824822945729167,19.888561414999998,19.824822945729167
8.194960782016912,4.901469301059703,5.586011326624676,4.7080553402858065,1.057026715283449,9.584361700003083,22.257774899098102,22.35470900039882,22.257774899098102,22.257774899098102,22.35470900039882,22.257774899098102
0.0,6.479418021470751,2.727168171333496,5.458263550338543,1.6846176128170642,0.0,23.959531292608222,23.363461241487155,23.377452543539082,23.181573117354855,22.510419666409344,24.269518420425275
0.0,0.0,0.0,0.0,5.60453606543733,0.0,23.804710451520233,24.63343801830889,23.816912179615013,24.200763444575653,22.83009075750924,24.101148646642937
0.0,0.0,0.0,0.0,0.0,0.0,23.6729977957026,24.513240691808775,23.68405164714547,24.04040857328174,23.99702940362519,23.94348959177931
0.0,0.0,0.0,0.0,0.0,0.0,23.542377221981933,24.40431924391036,23.552335554530956,23.892856493346926,23.91376505856915,23.798553559083146
5.972012600055269,0.0,0.08366028746334297,0.0,0.0,0.0,23.4130209463033,24.295921582830513,23.42193408948999,23.747364541170608,23.829757644625037,23.65560039859119
10.0,10.0,10.0,10.0,10.0,10.0,10.0,10.0,10.0,10.0,10.0,10.0
10.0,10.0,10.0,10.0,10.0,10.0,13.76,13.7725,13.76,13.76,13.7725,13.76
10.0,10.0,10.0,10.0,10.0,10.0,17.012034166666666,17.046821666666666,17.012034166666666,17.012034166666666,17.046821666666666,17.012034166666666
10.0,10.0,10.0,10.0,10.0,10.0,19.824822945729167,19.888561414999998,19.824822945729167,19.824822945729167,19.888561414999998,19.824822945729167
6.93602325873608,3.4358236470743133,0.5116468789562423,3.8926751816883143,7.886201519752102,9.305135081429533,22.257774899098102,22.35470900039882,22.257774899098102,22.257774899098102,22.35470900039882,22.257774899098102
0.0,3.0116161604397087,4.909381496455779,4.192670681787351,0.0,0.0,23.678651654563517,23.038249809846228,22.245318801386652,22.99965488902303,24.025742083562665,24.207220593800013
0.0,0.0,2.9931072261488434,0.0,0.0,0.0,23.52691930688317,23.606078457799896,23.237069507281618,23.775798527666886,23.92281368755691,24.043666398211048
2.9948095421667595,0.0,0.0,0.0,0.0,0.0,23.390338091478643,23.519945193507997,23.741197294490267,23.633301549295894,23.832938621351406,23.891778279047955
0.0,6.044579593434593,0.0,5.457190937628363,0.0,0.0,23.880923809282148,23.438817522938542,23.599284643884214,23.492628294056562,23.742701164616275,23.747297685663096
0.0,0.0,0.07262964854732434,0.0,0.0,0.0,23.73137013355705,24.621203946634772,23.459187566354743,24.49175942226554,23.652231282410835,23.604645023503124
10.0,10.0,10.0,10.0,10.0,10.0,10.0,10.0,10.0,10.0,10.0,10.0
10.0,10.0,10.0,10.0,10.0,10.0,13.76,13.7725,13.76,13.76,13.7725,13.76
10.0,10.0,10.0,10.0,10.0,10.0,17.012034166666666,17.046821666666666,17.012034166666666,17.012034166666666,17.046821666666666,17.012034166666666
10.0,10.0,10.0,10.0,10.0,10.0,19.824822945729167,19.888561414999998,19.824822945729167,19.824822945729167,19.888561414999998,19.824822945729167
9.84758238460617,0.06665201049302127,4.837697603401663,7.792520691842029,2.044437027369026,6.9140297468636405,22.257774899098102,22.35470900039882,22.257774899098102,22.257774899098102,22.35470900039882,22.257774899098102
0.0,0.07620977059197731,0.07235104306763773,0.0,7.51838417965804,0.0,24.3282451874411,22.290665884361104,23.210497405705862,23.869743495539133,22.729515680740764,23.673744715545634
0.0,2.2046004847758685,9.233081811616726,0.0,0.0,0.0,24.160617213850657,22.259122919874276,23.085619454766107,23.721533599244317,24.29648476106429,23.521324389298687
0.0,9.576159053327206,0.0,0.0,0.0,9.427403628174796,23.99585661156595,22.714042367481316,24.911046307247574,23.588844511554953,24.178902786517842,23.384890768459286
0.0,0.0,0.0,9.08166252980481,0.0,0.0,23.83807190296506,24.75735540132707,24.727728919129174,23.457258014050574,24.066543554834954,25.23595671087361
0.0,0.0,0.0,0.0,0.0,0.0,23.700327225620157,24.65145758151001,24.581638579461856,25.216059719177547,23.989052153131787,25.066639275477645
10.0,10.0,10.0,10.0,10.0,10.0,10.0,10.0,10.0,10.0,10.0,10.0
10.0,10.0,10.0,10.0,10.0,10.0,13.76,13.7725,13.76,13.76,13.7725,13.76
10.0,10.0,10.0,10.0,10.0,10.0,17.012034166666666,17.046821666666666,17.012034166666666,17.012034166666666,17.046821666666666,17.012034166666666
10.0,10.0,10.0,10.0,10.0,10.0,19.824822945729167,19.888561414999998,19.824822945729167,19.824822945729167,19.888561414999998,19.824822945729167
3.7814352985995736,5.045220714588546,8.01608833710532,7.635565581899938,1.5613732498768562,2.9673569726996685,22.257774899098102,22.35470900039882,22.257774899098102,22.257774899098102,22.35470900039882,22.257774899098102
3.8578481610264292,7.082752705593258,0.0,0.0,6.498403348175823,8.336392891149913,22.974836327720105,23.39535817569291,23.91962333319495,23.834725479430666,22.62232888410617,22.793208549303493
0.0,0.0,0.0,0.0,0.0,0.0,23.677299570592567,24.78496244437798,23.762871198267966,23.675255880169047,23.981467027264756,24.47252537896781
0.0,0.0,0.0,0.0,0.0,0.0,23.545788380312946,24.66811268295888,23.635775492674288,23.53711914660512,23.90231904685869,24.314339515769962
4.626174335936044,0.0,0.0,0.1794601662725448,0.0,0.0,23.41557707315533,24.552099852615132,23.50969760754197,23.400824230722044,23.82220133785547,24.15855437870956
0.0,0.0,5.380431715094324,8.613553866937488,0.0,0.0,24.251438699788064,24.436909032375517,23.384638017606605,23.303785472162954,23.74118653323121,24.00510784964231
10.0,10.0,10.0,10.0,10.0,10.0,10.0,10.0,10.0,10.0,10.0,10.0
10.0,10.0,10.0,10.0,10.0,10.0,13.76,13.7725,13.76,13.76,13.7725,13.76
10.0,10.0,10.0,10.0,10.0,10.0,17.012034166666666,17.046821666666666,17.012034166666666,17.012034166666666,17.046821666666666,17.012034166666666
10.0,10.0,10.0,10.0,10.0,10.0,19.824822945729167,19.888561414999998,19.824822945729167,19.824822945729167,19.888561414999998,19.824822945729167
2.425671391787053,9.507343155671535,1.143776525747534,1.4246826107325972,2.880819163143965,5.722667980940688,22.257774899098102,22.35470900039882,22.257774899098102,22.257774899098102,22.35470900039882,22.257774899098102
9.538112980541587,0.0,1.0784886444342212,0.06226692790514021,4.559737714693002,2.554539220902808,22.672353902359404,24.385456446223568,22.386352286452187,22.449024816276815,22.91510012336142,23.4079418020534
0.0,0.0,5.0597813290570794,0.1934102944467564,0.0,0.0,24.6317739188788,24.252359318213855,22.521778878066506,22.339302774962302,23.826482748709054,23.790114260240326
0.0,0.0,0.0,8.464688816781909,0.0,0.0,24.45983532385113,24.14847338573346,23.528960575761612,22.285572094273377,23.730919965757035,23.638065548269697
0.0,0.0,1.4486531919170276,0.0,0.0,2.0360776028384633,24.291060824625898,24.05399789130737,23.395698385217848,24.07364331308211,23.635762975396098,23.49757326246283
0.0,0.0,0.0,0.0,0.0,0.0,24.140794792354512,23.959164808747683,23.566425971646844,23.92736571680411,23.55652216963874,23.78135892177821
10.0,10.0,10.0,10.0,10.0,10.0,10.0,10.0,10.0,10.0,10.0,10.0
10.0,10.0,10.0,10.0,10.0,10.0,13.76,13.7725,13.76,13.76,13.7725,13.76
10.0,10.0,10.0,10.0,10.0,10.0,17.012034166666666,17.046821666666666,17.012034166666666,17.012034166666666,17.046821666666666,17.012034166666666
10.0,10.0,10.0,10.0,10.0,10.0,19.824822945729167,19.888561414999998,19.824822945729167,19.824822945729167,19.888561414999998,19.824822945729167
7.347890408262887,7.088267846987334,6.7424585647077535,4.0938754874761765,2.6540856769616097,8.680291405247356,22.257774899098102,22.35470900039882,22.257774899098102,22.257774899098102,22.35470900039882,22.257774899098102
0.0,0.0,0.0,4.472056189749627,4.0458086969663825,0.0,23.770542708521553,23.84868895249466,23.635465729772566,23.044544383552438,22.86479033569767,24.067812670567097
0.0,0.0,0.0,0.0,0.0,0.0,23.62354510328753,23.751507412512463,23.500512989918587,23.867812624861713,23.67587937483576,23.90979884948333
3.675715078887347,0.0,1.1841826133088262,0.0,0.0,0.0,23.486426283200867,23.661772284771796,23.366948016322755,23.721666875073634,23.594584135095953,23.761534440817655
0.0,0.0,7.534272323601417,0.0,0.0,0.0,24.114204930099465,23.571908221161173,23.48256234766665,23.577506887021066,23.512628160879732,23.615340582683185
0.0,5.013289736015034,0.0,6.511669687895579,2.215044028987668,5.849973888019038,23.96039263594631,23.490364384571937,24.910433792406767,23.441649587596388,23.43006482827612,23.473234342580362
10.0,10.0,10.0,10.0,10.0,10.0,10.0,10.0,10.0,10.0,10.0,10.0
10.0,10.0,10.0,10.0,10.0,10.0,13.76,13.7725,13.76,13.76,13.7725,13.76
10.0,10.0,10.0,10.0,10.0,10.0,17.012034166666666,17.046821666666666,17.012034166666666,17.012034166666666,17.046821666666666,17.012034166666666
10.0,10.0,10.0,10.0,10.0,10.0,19.824822945729167,19.888561414999998,19.824822945729167,19.824822945729167,19.888561414999998,19.824822945729167
6.276330213269241,1.133022140580724,5.833693932292024,5.602365922966354,9.585607563597442,2.788069140873847,22.257774899098102,22.35470900039882,22.257774899098102,22.257774899098102,22.35470900039882,22.257774899098102
0.0,8.497360591463254,9.414314981319118,3.2252263994753285,0.0,5.592321376250866,23.5314685414981,22.527282255939006,23.432712633371434,23.381101392680417,24.402822499252075,22.75320791354691
3.673044268872534,0.0,0.0,0.0,0.0,0.0,23.382489745301747,24.34756490459921,25.242391655273973,23.92693732902281,24.27491422583517,23.853409687918074
0.0,0.0,0.0,0.0,0.0,0.0,24.024646658991035,24.256701798217243,25.06796249418886,23.78223503583898,24.17988908895732,23.726121359637784
0.0,0.0,0.0,0.0,0.0,0.0,23.88057929253028,24.171784019040764,24.89625783055148,23.645860463013577,24.08480970654152,23.5999023790901
0.0,0.0,0.0,0.0,0.0,2.0131982645857605,23.738419577471088,24.0860961586926,24.72726516953196,23.51104442178153,23.989805627054967,23.47474715077707
10.0,10.0,10.0,10.0,10.0,10.0,10.0,10.0,10.0,10.0,10.0,10.0
10.0,10.0,10.0,10.0,10.0,10.0,13.76,13.7725,13.76,13.76,13.7725,13.76
10.0,10.0,10.0,10.0,10.0,10.0,17.012034166666666,17.046821666666666,17.012034166666666,17.012034166666666,17.046821666666666,17.012034166666666
10.0,10.0,10.0,10.0,10.0,10.0,19.824822945729167,19.888561414999998,19.824822945729167,19.824822945729167,19.888561414999998,19.824822945729167
5.403808389457918,3.2991345388491835,4.032252239779799,7.853232042222507,8.210446952232646,7.436811808217968,22.257774899098102,22.35470900039882,22.257774899098102,22.257774899098102,22.35470900039882,22.257774899098102
7.287105018653225,2.2880302694171095,3.99884406501809,0.0,0.0,0.0,23.336801523058963,23.007919927275537,23.03079571438656,23.883288712680358,24.097688751581156,23.790381826962253
0.0,8.71465311280246,0.0,0.0,0.0,0.0,24.728020340124193,23.427528944973815,23.755575570484872,23.73786548807631,23.99614923198523,23.64482800410151
0.0,0.0,0.0,0.0,0.0,0.0,24.558356430708876,25.178039997698065,23.61046043124579,23.606976654091902,23.898854755461954,23.508258314848618
0.0,0.0,8.006893451332486,1.2534649799882769,0.0,9.202920042215727,24.40660770409075,25.05429017791514,23.48257384345332,23.47727173027635,23.81695950240909,23.373225047788665
0.0,0.0,0.0,0.0,0.0,0.0,24.25669864436498,24.931394785271568,25.018945996748535,23.60943407103191,23.734386075925308,25.16412221164869
10.0,10.0,10.0,10.0,10.0,10.0,10.0,10.0,10.0,10.0,10.0,10.0
10.0,10.0,10.0,10.0,10.0,10.0,13.76,13.7725,13.76,13.76,13.7725,13.76
10.0,10.0,10.0,10.0,10.0,10.0,17.012034166666666,17.046821666666666,17.012034166666666,17.012034166666666,17.046821666666666,17.012034166666666
10.0,10.0,10.0,10.0,10.0,10.0,19.824822945729167,19.888561414999998,19.824822945729167,19.824822945729167,19.888561414999998,19.824822945729167
1.8918380451225902,2.855539759151214,2.429139457533024,4.2733014825498215,3.7272206739312486,3.7695799270309758,22.257774899098102,22.35470900039882,22.257774899098102,22.257774899098102,22.35470900039882,22.257774899098102
9.616200653753156,3.141705407785298,2.338786688777803,5.805697095490732,0.6065610057565429,4.936642362479535,22.55325115546808,22.90949088818158,22.673127657238762,23.08457584470133,23.10290776043774,22.972191293781968
0.0,0.0,8.324333414133305,0.0,9.827121076433892,0.0,24.54018662444999,23.500673831466205,23.055866495311566,24.180071304637313,23.14704335939755,23.893731144946738
0.0,5.561532379560968,0.0,0.0,0.0,0.0,24.379708807239133,23.418303578225878,24.7053430352186,24.029025530944445,25.165273994368995,23.737772811836326
0.0,0.0,0.0,0.0,0.0,0.0,24.2214649662937,24.527396299301877,24.536192030260302,23.897394514422835,25.03456836472002,23.616440120107985
0.0,0.0,0.0,0.0,0.0,1.132110611813062,24.075487572910838,24.438350376292643,24.379677332967354,23.766783476701523,24.91508169443779,23.49576832860501
10.0,10.0,10.0,10.0,10.0,10.0,10.0,10.0,10.0,10.0,10.0,10.0
10.0,10.0,10.0,10.0,10.0,10.0,13.76,13.7725,13.76,13.76,13.7725,13.76
10.0,10.0,10.0,10.0,10.0,10.0,17.012034166666666,17.046821666666666,17.012034166666666,17.012034166666666,17.046821666666666,17.012034166666666
10.0,10.0,10.0,10.0,10.0,10.0,19.824822945729167,19.888561414999998,19.824822945729167,19.824822945729167,19.888561414999998,19.824822945729167
6.542815386308734,4.871899287639571,7.661850298843875,9.575543338617344,3.2443962694229054,2.436006116157311,22.257774899098102,22.35470900039882,22.257774899098102,22.257774899098102,22.35470900039882,22.257774899098102
0.0,7.88013558800489,0.0,0.0,0.576396245055284,2.3662922496758543,23.590923643569052,23.356899964979526,23.84058982269218,24.267550969214735,22.99577407816306,22.674659667011525
6.320368551975022,0.0,0.0,0.0,1.7952724014663834,1.7792883976610185,23.45469709813606,24.9256007063188,23.684587459659497,24.105055977072535,23.048731797437767,23.071261763993537
0.0,0.0,0.0,0.0,9.575523014833223,7.403494112347543,24.648734582942506,24.79407582053995,23.549025181816802,23.946098718466054,23.374492459634688,23.319914909893043
0.0,0.0,7.274252595872052,0.0,0.0,0.0,24.49425857433676,24.67819638635136,23.417969240460597,23.80394595636081,25.30895428651069,24.73780298815098
0.0,0.0,0.0,0.0,0.0,0.0,24.341655110152676,24.57967926678878,24.817996431017715,23.68032830425431,25.190715676147757,24.580897064725978
10.0,10.0,10.0,10.0,10.0,10.0,10.0,10.0,10.0,10.0,10.0,10.0
10.0,10.0,10.0,10.0,10.0,10.0,13.76,13.7725,13.76,13.76,13.7725,13.76
10.0,10.0,10.0,10.0,10.0,10.0,17.012034166666666,17.046821666666666,17.012034166666666,17.012034166666666,17.046821666666666,17.012034166666666
10.0,10.0,10.0,10.0,10.0,10.0,19.824822945729167,19.888561414999998,19.824822945729167,19.824822945729167,19.888561414999998,19.824822945729167
5.370247668134787,3.2150630179734616,0.5094416768089938,6.736878043810285,0.9962625638406164,4.355511958020372,22.257774899098102,22.35470900039882,22.257774899098102,22.257774899098102,22.35470900039882,22.257774899098102
3.8694852119375645,7.4197591015750515,6.644220425005272,0.0,6.725112817675813,2.9882631024843165,23.329313841515248,22.989265336658853,22.24482680208607,23.63422066823393,22.496936737142345,23.102917698976572
0.0,0.0,0.0,8.578046267114681,0.0,0.0,24.002733869489322,24.487770356346886,23.61434971421478,23.48188159315415,23.917665022658316,23.590325811041808
0.0,0.0,6.899219506826966,0.0,0.0,0.8695208225324813,23.858659774550546,24.381150437764067,23.481293491802006,25.132752705474157,23.829071138704766,23.45334453251987
0.0,0.0,0.0,0.0,0.0,0.25459117495004513,23.731206369115277,24.274814689959417,24.782797005979393,24.956901694712894,23.754973062918225,23.499008233586537
0.0,0.0,0.0,0.0,0.0,3.4431565353822657,23.604720506458502,24.18096820121496,24.616776858311564,24.783950541680024,23.681219526520856,23.42561397294781
10.0,10.0,10.0,10.0,10.0,10.0,10.0,10.0,10.0,10.0,10.0,10.0
10.0,10.0,10.0,10.0,10.0,10.0,13.76,13.7725,13.76,13.76,13.7725,13.76
10.0,10.0,10.0,10.0,10.0,10.0,17.012034166666666,17.046821666666666,17.012034166666666,17.012034166666666,17.046821666666666,17.012034166666666
10.0,10.0,10.0,10.0,10.0,10.0,19.824822945729167,19.888561414999998,19.824822945729167,19.824822945729167,19.888561414999998,19.824822945729167
4.465509960431493,0.051178823276729624,0.75520146321163,1.7492148058896806,1.277527497564318,6.170209636724646,22.257774899098102,22.35470900039882,22.257774899098102,22.257774899098102,22.35470900039882,22.257774899098102
5.645754954126266,9.259230307091567,9.846499558165636,0.8559959693543018,6.808046403086774,0.0,23.127459186168373,22.287232546055233,22.299657894633715,22.52143070125832,22.55934648230684,23.507792140900186
0.0,0.0,0.0,7.916302248246591,0.0,1.77417897150434,24.17770938367766,24.282193301909697,24.37346445748795,22.585050420388114,23.979285688627847,23.35068509037208
0.0,0.0,0.0,0.0,0.0,0.0,24.01989189949687,24.19029525730663,24.21692947384322,24.213071064675265,23.877582417630475,23.598235137224165
0.0,0.0,0.0,0.0,0.0,8.808982497789929,23.87898526729732,24.097801895440554,24.065768022082974,24.062917958342076,23.793921312572905,23.465735362954568
0.0,0.0,0.0,0.0,0.0,0.0,23.739726024742975,24.005067874557646,23.91666812366119,23.914803691342502,23.709748398361146,25.166278600104377
10.0,10.0,10.0,10.0,10.0,10.0,10.0,10.0,10.0,10.0,10.0,10.0
10.0,10.0,10.0,10.0,10.0,10.0,13.76,13.7725,13.76,13.76,13.7725,13.76
10.0,10.0,10.0,10.0,10.0,10.0,17.012034166666666,17.046821666666666,17.012034166666666,17.012034166666666,17.046821666666666,17.012034166666666
10.0,10.0,10.0,10.0,10.0,10.0,19.824822945729167,19.888561414999998,19.824822945729167,19.824822945729167,19.888561414999998,19.824822945729167
1.6987152684098372,4.106536000819387,0.8578628506177832,9.153004417227987,4.708111133747508,7.145228049516618,22.257774899098102,22.35470900039882,22.257774899098102,22.257774899098102,22.35470900039882,22.257774899098102
7.8426487403871725,6.30579357972291,3.060316816955939,0.0,4.416525981810949,0.0,22.510163826177976,23.187073861681384,22.32256252079869,24.17327895245067,23.320557087785286,23.725327017577975
0.0,0.0,4.976500505851021,0.0,0.0,0.0,24.124751768589434,24.426108766496373,22.893721844398513,24.006939154013626,24.17301014582915,23.56908928990008
0.0,0.0,0.0,0.0,0.0,1.3183988058689766,23.981361757286667,24.318555232200172,23.84924338399494,23.865489796164677,24.08012138885874,23.42878368956083
0.0,0.0,0.0,0.0,0.0,0.0,23.839630836760367,24.220356435611752,23.707313828551413,23.725755025607434,23.986891168106283,23.57405244524712
0.0,0.0,0.0,0.0,0.0,4.742231714506725,23.69960804589656,24.122085595610702,23.569472604940046,23.58770117185613,23.89580218499018,23.438846537790955
10.0,10.0,10.0,10.0,10.0,10.0,10.0,10.0,10.0,10.0,10.0,10.0
10.0,10.0,10.0,10.0,10.0,10.0,13.76,13.7725,13.76,13.76,13.7725,13.76
10.0,10.0,10.0,10.0,10.0,10.0,17.012034166666666,17.046821666666666,17.012034166666666,17.012034166666666,17.046821666666666,17.012034166666666
10.0,10.0,10.0,10.0,10.0,10.0,19.824822945729167,19.888561414999998,19.824822945729167,19.824822945729167,19.888561414999998,19.824822945729167
1.2686323989359194,3.3745003754883998,0.883528584923079,1.1878045500064172,0.6596536369102557,1.277385482374599,22.257774899098102,22.35470900039882,22.257774899098102,22.257774899098102,22.35470900039882,22.257774899098102
3.0039148715607142,6.0932914746838565,8.620504265560806,3.4693883331587316,4.865218482307501,2.7376440648909672,22.414208690618707,23.02464281767105,22.328288763784155,22.396175312050335,22.422246739097815,22.41616157776566
6.038451367447397,0.0,0.0,8.308786335768225,1.1486562922895027,7.631196676038496,22.95455187408154,24.228034106156226,24.122409986323916,23.035840596237815,23.424768789013022,22.89191750720202
0.0,0.0,0.0,0.0,0.0,0.0,24.12621368573863,24.120922462417333,23.96813848970805,24.676159319239293,23.579294854708166,24.414981225737446
0.0,0.0,0.0,0.0,0.0,0.0,23.985819219186325,24.026924027384748,23.829684080606526,24.512346908137825,23.515042415560153,24.256653034187334
0.0,0.0,0.0,0.0,9.91719527056192,0.0,23.846932434816036,23.933003865823583,23.692732533187165,24.35109505436129,23.44933003982148,24.100758748890094
10.0,10.0,10.0,10.0,10.0,10.0,10.0,10.0,10.0,10.0,10.0,10.0
10.0,10.0,10.0,10.0,10.0,10.0,13.76,13.7725,13.76,13.76,13.7725,13.76
10.0,10.0,10.0,10.0,10.0,10.0,17.012034166666666,17.046821666666666,17.012034166666666,17.012034166666666,17.046821666666666,17.012034166666666
10.0,10.0,10.0,10.0,10.0,10.0,19.824822945729167,19.888561414999998,19.824822945729167,19.824822945729167,19.888561414999998,19.824822945729167
0.9951463351903578,7.085481177446082,9.268751390373623,1.0170809367228961,1.3882134346545982,2.1149864995310184,22.257774899098102,22.35470900039882,22.257774899098102,22.257774899098102,22.35470900039882,22.257774899098102
5.391262126786201,0.0,0.0,8.111779997002687,1.988624590351744,8.551955028825192,22.353191630459172,23.848070619687846,24.199103083768314,22.358085426080624,22.583906533343573,22.603037468089166
4.386332887782469,0.0,0.0,0.0,4.908670380463121,0.0,23.43374607845263,23.741453423219028,24.037260675026655,24.031144107742048,22.94959285220129,24.356408982396
0.0,0.0,0.0,0.0,0.0,0.0,24.21661094162417,23.648871333790773,23.89335586499463,23.873110887691716,23.948455598754023,24.19493461120634
0.0,0.0,0.0,0.0,0.0,0.0,24.063236550198397,23.572830957987918,23.751081438885368,23.73404084616123,23.8602073348987,24.044789951237412
0.0,1.7019417615456212,0.0,0.0,0.0,0.0,23.912063696738223,23.495967701583982,23.61062720065794,23.596578898168257,23.771673036978004,23.896634286038804
10.0,10.0,10.0,10.0,10.0,10.0,10.0,10.0,10.0,10.0,10.0,10.0
10.0,10.0,10.0,10.0,10.0,10.0,13.76,13.7725,13.76,13.76,13.7725,13.76
10.0,10.0,10.0,10.0,10.0,10.0,17.012034166666666,17.046821666666666,17.012034166666666,17.012034166666666,17.046821666666666,17.012034166666666
10.0,10.0,10.0,10.0,10.0,10.0,19.824822945729167,19.888561414999998,19.824822945729167,19.824822945729167,19.888561414999998,19.824822945729167
6.74675832890742,0.4537130507709164,8.510079870934215,0.6518002871741502,9.699608075345536,2.493131370778455,22.257774899098102,22.35470900039882,22.257774899098102,22.257774899098102,22.35470900039882,22.257774899098102
0.0,7.560608998654127,0.0,1.4866212371716303,0.0,3.3267051421251903,23.63642504363028,22.376550678341776,24.029837033758433,22.276588215351207,24.428118019716102,22.68740479577644
2.8365939674633633,0.0,0.0,1.7111947311939768,0.0,3.7228792648427147,23.47425263223318,24.016113390275628,23.86084298995529,22.50958269389168,24.288410529012218,23.30589654074487
0.0,0.0,0.0,2.954817530336565,0.0,0.0,23.9213843077574,23.92497239808952,23.715066953183708,22.779031425084963,24.17382763852152,23.963003836028722
0.0,0.0,0.0,4.290627271614305,0.0,0.0,23.768881623269337,23.838236001478077,23.57780355322887,23.307747524028297,24.06978725531108,23.819291399396352
0.0,0.0,8.610459338670779,0.0,0.0,0.0,23.624033527042585,23.750928396696963,23.442194314037486,24.081304944998198,23.971483694623466,23.677310609274905
10.0,10.0,10.0,10.0,10.0,10.0,10.0,10.0,10.0,10.0,10.0,10.0
10.0,10.0,10.0,10.0,10.0,10.0,13.76,13.7725,13.76,13.76,13.7725,13.76
10.0,10.0,10.0,10.0,10.0,10.0,17.012034166666666,17.046821666666666,17.012034166666666,17.012034166666666,17.046821666666666,17.012034166666666
10.0,10.0,10.0,10.0,10.0,10.0,19.824822945729167,19.888561414999998,19.824822945729167,19.824822945729167,19.888561414999998,19.824822945729167
0.9774963123441194,5.337126008317453,8.187706453334329,0.18280070081830968,8.7070984720184,4.080021688367401,22.257774899098102,22.35470900039882,22.257774899098102,22.257774899098102,22.35470900039882,22.257774899098102
6.021990659012298,4.534413024076994,0.0,3.1260647783742312,0.0,3.885079901740146,22.349253760678618,23.460128905383954,23.95791279035776,22.171950430216764,24.20789052602573,23.041453483482133
0.0,0.0,0.0,2.686939192328386,0.0,0.0,23.56538908118666,24.32023283460076,23.802771998016077,22.76460743582956,24.086173387246447,23.752555077696147
4.363890808362668,0.0,0.0,3.158692132527481,0.0,0.0,23.425330742784343,24.218178345739894,23.66476470983688,23.2324794021729,23.98629209679605,23.61432350075833
0.0,0.0,0.0,0.0,0.0,2.187657009378021,24.201518574725533,24.116163502014,23.528348977572364,23.769828974821756,23.891428645843433,23.477709299648023
0.0,0.0,4.057207464079883,0.0,0.0,0.0,24.051570632482353,24.021877527560573,23.393497162961932,23.63284757210718,23.802019015464857,23.797250129647853
10.0,10.0,10.0,10.0,10.0,10.0,10.0,10.0,10.0,10.0,10.0,10.0
10.0,10.0,10.0,10.0,10.0,10.0,13.76,13.7725,13.76,13.76,13.7725,13.76
10.0,10.0,10.0,10.0,10.0,10.0,17.012034166666666,17.046821666666666,17.012034166666666,17.012034166666666,17.046821666666666,17.012034166666666
10.0,10.0,10.0,10.0,10.0,10.0,19.824822945729167,19.888561414999998,19.824822945729167,19.824822945729167,19.888561414999998,19.824822945729167
4.589194056717295,6.876804011444825,3.680519573085409,5.192661939203535,6.8594798058949,6.194001752426645,22.257774899098102,22.35470900039882,22.257774899098102,22.257774899098102,22.35470900039882,22.257774899098102
6.60270935327559,0.0,3.039185124066975,9.295576758642405,0.0,0.0,23.155054156970508,23.80176734050061,22.95232117352757,23.289692959349367,23.797923280598674,23.513100363685762
0.0,0.0,4.350836322648862,0.0,0.0,6.841939969503288,24.424356980323534,23.70300626620244,23.48166901800962,25.109014518105116,23.705109516942763,23.37161541216583
0.0,0.0,0.0,0.0,0.0,0.0,24.276322857163503,23.621546783010913,24.247452806558716,24.937462819173348,23.62835514617558,24.668115643531287
0.0,0.0,0.0,0.0,0.0,0.0,24.130035362776407,23.54714120279097,24.099672576609102,24.768505374951868,23.56269509157189,24.505931864920445
0.0,0.8357960251839569,0.0,0.0,5.078034841795473,0.0,23.985529413351962,23.472063065461732,23.9537692121575,24.602181634598733,23.49570735698246,24.346192953172984
10.0,10.0,10.0,10.0,10.0,10.0,10.0,10.0,10.0,10.0,10.0,10.0
10.0,10.0,10.0,10.0,10.0,10.0,13.76,13.7725,13.76,13.76,13.7725,13.76
10.0,10.0,10.0,10.0,10.0,10.0,17.012034166666666,17.046821666666666,17.012034166666666,17.012034166666666,17.046821666666666,17.012034166666666
10.0,10.0,10.0,10.0,10.0,10.0,19.824822945729167,19.888561414999998,19.824822945729167,19.824822945729167,19.888561414999998,19.824822945729167
2.1451352785506153,1.7074012917515802,9.135391111102631,9.077864101695642,3.4806540811866347,9.46000666095874,22.257774899098102,22.35470900039882,22.257774899098102,22.257774899098102,22.35470900039882,22.257774899098102
6.76915023255215,7.378747648492966,0.0,0.0,9.785569211343168,0.0,22.609763916369495,22.654730978315413,24.169349274481924,24.156514510817146,23.048197213994772,24.24177375660369
0.0,0.0,0.0,0.0,0.0,0.0,23.972604485374585,24.200593403420157,24.011993343249948,23.989171621517652,25.068528765472042,24.085207119096108
0.0,0.0,0.0,0.0,0.0,0.0,23.831149285442436,24.115600914514083,23.870312687623784,23.854379720964353,24.949928676084657,23.948242534608998
0.0,0.0,0.0,0.0,0.0,0.0,23.69154627809636,24.029916641345107,23.730471990126272,23.72093089874363,24.832061931374405,23.812675729967793
0.0,0.0,0.0,0.0,0.0,0.0,23.553752656605006,23.943599081299713,23.592429218477676,23.588811725001104,24.714922689936092,23.678491748845722
10.0,10.0,10.0,10.0,10.0,10.0,10.0,10.0,10.0,10.0,10.0,10.0
10.0,10.0,10.0,10.0,10.0,10.0,13.76,13.7725,13.76,13.76,13.7725,13.76
10.0,10.0,10.0,10.0,10.0,10.0,17.012034166666666,17.046821666666666,17.012034166666666,17.012034166666666,17.046821666666666,17.012034166666666
10.0,10.0,10.0,10.0,10.0,10.0,19.824822945729167,19.888561414999998,19.824822945729167,19.824822945729167,19.888561414999998,19.824822945729167
4.150402358105117,9.046227244668426,6.122328364138453,5.227537988276168,1.758972344046461,5.56410776282042,22.257774899098102,22.35470900039882,22.257774899098102,22.257774899098102,22.35470900039882,22.257774899098102
6.335598170101914,0.0,9.049579344680804,3.792040615837898,2.2103135947162187,4.693947107606045,23.05715600777401,24.283139651463554,23.49710942292219,23.297474101668822,22.666174055093517,23.37256567269803
0.0,0.0,0.0,0.0,4.030771494018347,0.0,24.28430322262054,24.16362853307023,25.24158994690178,23.94950525412573,23.09342098960308,24.21130647542774
0.0,0.0,0.0,0.0,0.0,0.0,24.134092274424763,24.076176092737832,25.06863133377203,23.8018845899014,23.893898203494377,24.06484546043435
0.0,0.0,0.0,0.0,0.0,0.0,23.98583412713361,23.9954341049372,24.89822757239815,23.663527099355377,23.809238102494124,23.92742785604609
0.0,0.0,0.0,0.0,0.0,0.0,23.83961104010861,23.913854287508126,24.73044341237514,23.526831683056564,23.724252653960672,23.79146330291899
10.0,10.0,10.0,10.0,10.0,10.0,10.0,10.0,10.0,10.0,10.0,10.0
10.0,10.0,10.0,10.0,10.0,10.0,13.76,13.7725,13.76,13.76,13.7725,13.76
10.0,10.0,10.0,10.0,10.0,10.0,17.012034166666666,17.046821666666666,17.012034166666666,17.012034166666666,17.046821666666666,17.012034166666666
10.0,10.0,10.0,10.0,10.0,10.0,19.824822945729167,19.888561414999998,19.824822945729167,19.824822945729167,19.888561414999998,19.824822945729167
8.831556487101032,8.068336632714864,3.535966781036822,5.298924271542336,1.2730631594900799,3.621099925714221,22.257774899098102,22.35470900039882,22.257774899098102,22.257774899098102,22.35470900039882,22.257774899098102
0.0,0.0,7.741818919227672,0.5964238691658363,8.783966602100598,4.422420028039621,24.101561193153934,24.066155958961293,22.920070219720785,23.313400986867148,22.558355892410496,22.939064146282192
0.0,0.0,0.0,9.469565342004456,0.0,0.0,23.949996011630788,23.956421812787795,24.458942331789892,23.30151380765941,24.428471532907984,23.750721170445694
0.0,0.0,0.0,0.0,0.0,0.0,23.801364328998297,23.87726204677425,24.300800233426475,25.167559580301027,24.319320604095385,23.62085792217115
0.0,0.0,0.0,0.0,0.0,2.5698008959920573,23.671493979822927,23.797109984200222,24.145034560422207,24.994410090673135,24.227389164794456,23.492149087427293
0.0,0.0,0.0,0.0,0.0,0.0,23.542894824722318,23.716316278069296,23.991584777674774,24.823921354100335,24.135147163080468,23.898183170232706
10.0,10.0,10.0,10.0,10.0,10.0,10.0,10.0,10.0,10.0,10.0,10.0
10.0,10.0,10.0,10.0,10.0,10.0,13.76,13.7725,13.76,13.76,13.7725,13.76
10.0,10.0,10.0,10.0,10.0,10.0,17.012034166666666,17.046821666666666,17.012034166666666,17.012034166666666,17.046821666666666,17.012034166666666
10.0,10.0,10.0,10.0,10.0,10.0,19.824822945729167,19.888561414999998,19.824822945729167,19.824822945729167,19.888561414999998,19.824822945729167
2.414691612594181,0.7231930861621483,7.131267261288853,4.544432386898656,2.646888805497417,7.460315350427408,22.257774899098102,22.35470900039882,22.257774899098102,22.257774899098102,22.35470900039882,22.257774899098102
5.193942469745125,3.247023286094776,0.0,4.404894985872112,2.489525496756211,0.0,22.669904220505877,22.436345477903266,23.72221224732789,23.14506744882619,22.863193425239917,23.79562566655435
0.0,2.7784905680719763,0.0,0.0,7.978636779523013,0.0,23.672532109111806,23.091984424079882,23.57096272959087,23.936644711842174,23.325841769006658,23.64540962875923
0.0,0.0,0.052183084916482825,0.0,0.0,0.0,23.529215161569702,23.61169564555817,23.4278638589481,23.786197704788936,24.92130046729129,23.50170045716527
8.522269486618725,0.0,7.014552768227386,0.0,0.0,5.267477965617457,23.39270762799005,23.53531665236622,23.30249954554345,23.651769769800566,24.79583977608437,23.373836710478585
0.0,6.748310426338712,0.0,0.0,0.0,0.0,25.03776090324037,23.458096731559923,24.640676369029023,23.518659493745965,24.67147747585378,24.348505246402524
10.0,10.0,10.0,10.0,10.0,10.0,10.0,10.0,10.0,10.0,10.0,10.0
10.0,10.0,10.0,10.0,10.0,10.0,13.76,13.7725,13.76,13.76,13.7725,13.76
10.0,10.0,10.0,10.0,10.0,10.0,17.012034166666666,17.046821666666666,17.012034166666666,17.012034166666666,17.046821666666666,17.012034166666666
10.0,10.0,10.0,10.0,10.0,10.0,19.824822945729167,19.888561414999998,19.824822945729167,19.824822945729167,19.888561414999998,19.824822945729167
3.2680769323186287,6.092421832673537,9.848395016538209,5.546306966456779,2.735485191451641,1.0621536118084196,22.257774899098102,22.35470900039882,22.257774899098102,22.257774899098102,22.35470900039882,22.257774899098102
7.65906854326718,0.0,0.0,7.426417806142551,8.815587563170423,6.461196004002506,22.86030172259336,23.627721144124155,24.328426492516783,23.368594164067087,22.882852036061735,22.36814152213751
0.0,0.0,0.0,0.0,0.0,0.0,24.388639434399266,23.535784693796707,24.15942257482634,24.77564046051416,24.705838837788658,23.692895544005975
0.0,8.657003470763383,0.0,0.0,0.0,0.0,24.237363825414377,23.47324059584068,24.005093280588593,24.620812142456504,24.59631737992707,23.56435356765261
0.0,0.0,0.0,0.0,0.0,8.29208406261095,24.088216248613353,25.208324699646063,23.85319059443571,24.46784250295788,24.487335847687262,23.43696028233262
0.0,0.0,0.0,0.0,0.0,0.0,23.95613701049408,25.08663740853826,23.71864113088877,24.316705371912523,24.393882664821508,25.03778762504735
10.0,10.0,10.0,10.0,10.0,10.0,10.0,10.0,10.0,10.0,10.0,10.0
10.0,10.0,10.0,10.0,10.0,10.0,13.76,13.7725,13.76,13.76,13.7725,13.76
10.0,10.0,10.0,10.0,10.0,10.0,17.012034166666666,17.046821666666666,17.012034166666666,17.012034166666666,17.046821666666666,17.012034166666666
10.0,10.0,10.0,10.0,10.0,10.0,19.824822945729167,19.888561414999998,19.824822945729167,19.824822945729167,19.888561414999998,19.824822945729167
6.335530539401334,4.93473894969675,5.194133921966335,9.012753067504494,7.52607479832756,1.0271484537313436,22.257774899098102,22.35470900039882,22.257774899098102,22.257774899098102,22.35470900039882,22.257774899098102
0.0,9.309864454391422,9.931879219525522,0.0,0.0,6.969325966920001,23.544676636315053,23.370843428330218,23.29002137118711,24.141987686905612,23.945833733049593,22.360331574504233
9.476976616656577,0.0,0.0,0.0,0.0,0.0,23.408724274871314,25.239643396138703,25.232819253493176,23.990294343970483,23.842302784639628,23.798841133964746
0.0,0.0,0.0,0.0,0.0,0.0,25.26785334738168,25.117436592617736,25.06561862318432,23.840555654258843,23.76830397990359,23.669288996418853
0.0,0.0,0.0,0.0,0.0,0.0,25.09906960185092,25.01253149868568,24.90067418478087,23.709592495156564,23.69327182422573,23.541100617162844
0.0,0.0,0.0,0.0,0.0,3.1654843303492353,24.93271569758474,24.907498352775562,24.738082728850937,23.5800080358125,23.617550618143717,23.414250671999284
10.0,10.0,10.0,10.0,10.0,10.0,10.0,10.0,10.0,10.0,10.0,10.0
10.0,10.0,10.0,10.0,10.0,10.0,13.76,13.7725,13.76,13.76,13.7725,13.76
10.0,10.0,10.0,10.0,10.0,10.0,17.012034166666666,17.046821666666666,17.012034166666666,17.012034166666666,17.046821666666666,17.012034166666666
10.0,10.0,10.0,10.0,10.0,10.0,19.824822945729167,19.888561414999998,19.824822945729167,19.824822945729167,19.888561414999998,19.824822945729167
3.849077759113775,4.606669987653694,6.384538161789056,9.474649498535268,3.9239599668626193,0.6011421211030443,22.257774899098102,22.35470900039882,22.257774899098102,22.257774899098102,22.35470900039882,22.257774899098102
7.672249401147281,4.021227670538079,0.0,0.0,1.8017652815362373,4.469447561123147,22.98992793431244,23.298048359117644,23.555610652485942,24.2450406978477,23.146562150528727,22.26528594888688
0.0,0.0,4.685539306044228,0.0,4.662589240530467,3.373070409548725,24.509781157048934,24.057818406425195,23.403127744310826,24.07938018038159,23.44932022704251,23.15264507619818
0.0,0.0,0.0,0.0,0.0,0.0,24.35389892764084,23.963196823961095,24.246240435349115,23.933222166384915,24.343511444990646,23.736002155336088
0.0,0.0,0.0,0.0,0.0,0.0,24.20006963465308,23.88471067994548,24.093571248839375,23.797022925573906,24.242213555215372,23.604041698210377
0.0,0.0,0.0,0.0,0.0,0.2454265527223598,24.048457267963318,23.805278924853084,23.943124100718816,23.66224448013599,24.141192509145974,23.47340131901994
10.0,10.0,10.0,10.0,10.0,10.0,10.0,10.0,10.0,10.0,10.0,10.0
10.0,10.0,10.0,10.0,10.0,10.0,13.76,13.7725,13.76,13.76,13.7725,13.76
10.0,10.0,10.0,10.0,10.0,10.0,17.012034166666666,17.046821666666666,17.012034166666666,17.012034166666666,17.046821666666666,17.012034166666666
10.0,10.0,10.0,10.0,10.0,10.0,19.824822945729167,19.888561414999998,19.824822945729167,19.824822945729167,19.888561414999998,19.824822945729167
9.168574072365127,2.6243794544827006,7.406341411644526,5.218851868725856,0.38684586594130876,7.410753113953941,22.257774899098102,22.35470900039882,22.257774899098102,22.257774899098102,22.35470900039882,22.257774899098102
0.0,9.516178453370156,0.0,1.680042776609958,8.680477021171058,0.0,24.176752674552464,22.85819883582542,23.783583623078137,23.295536154733263,22.361713549838644,23.784567911277442
0.0,0.0,0.0,0.0,0.0,0.0,24.013014198573984,24.843687023315823,23.634159189119668,23.510859608031655,24.23357160056481,23.6309722650289
0.0,0.0,0.0,4.070607824876396,0.0,3.770371992089597,23.871879842414014,24.72882801207269,23.503891787639215,23.381902520731987,24.13865181218363,23.495730118874473
0.0,0.0,8.948205504715533,0.0,0.0,0.0,23.732389059291187,24.614505665380726,23.374932590094005,24.104981975286268,24.043539448483553,24.144640847833244
0.0,0.0,0.0,0.0,0.0,0.0,23.60160382454437,24.500726205819817,25.124500443568788,23.956630807244643,23.961879911455945,23.9922780927424
10.0,10.0,10.0,10.0,10.0,10.0,10.0,10.0,10.0,10.0,10.0,10.0
10.0,10.0,10.0,10.0,10.0,10.0,13.76,13.7725,13.76,13.76,13.7725,13.76
10.0,10.0,10.0,10.0,10.0,10.0,17.012034166666666,17.046821666666666,17.012034166666666,17.012034166666666,17.046821666666666,17.012034166666666
10.0,10.0,10.0,10.0,10.0,10.0,19.824822945729167,19.888561414999998,19.824822945729167,19.824822945729167,19.888561414999998,19.824822945729167
5.952103927116629,3.1819992639463726,9.897879403008487,9.779769954191481,0.38817777823132005,1.1193243556065546,22.257774899098102,22.35470900039882,22.257774899098102,22.257774899098102,22.35470900039882,22.257774899098102
8.994282632473642,8.315163967432222,0.0,0.0,9.980045093821415,7.507903734803033,23.459130907409797,22.98192883567491,24.339466878797758,24.313115659122516,22.36200908723643,22.38089679992359
0.0,0.0,0.0,0.0,0.0,0.0,25.194415049758526,24.690379039175912,24.164900142459054,24.14305443878825,24.51988055165591,23.931942735943185
0.0,0.0,0.0,0.0,0.0,0.0,25.0265057701541,24.596964658733945,24.022041882708507,24.009864859456595,24.422512419532556,23.79567156631229
0.0,0.0,0.0,0.0,0.0,0.0,24.861080761707925,24.503068347085136,23.880989843888358,23.877933113655637,24.325163082126352,23.66094723845825
0.0,0.0,0.0,0.0,0.0,0.0,24.698081795711285,24.40874107530308,23.741705863249962,23.74724730418614,24.22785130830323,23.527744678506856
10.0,10.0,10.0,10.0,10.0,10.0,10.0,10.0,10.0,10.0,10.0,10.0
10.0,10.0,10.0,10.0,10.0,10.0,13.76,13.7725,13.76,13.76,13.7725,13.76
10.0,10.0,10.0,10.0,10.0,10.0,17.012034166666666,17.046821666666666,17.012034166666666,17.012034166666666,17.046821666666666,17.012034166666666
10.0,10.0,10.0,10.0,10.0,10.0,19.824822945729167,19.888561414999998,19.824822945729167,19.824822945729167,19.888561414999998,19.824822945729167
7.138609987343852,1.4123513121930587,1.8791255660448014,6.47600165041542,6.059240910854442,4.987537115040502,22.257774899098102,22.35470900039882,22.257774899098102,22.257774899098102,22.35470900039882,22.257774899098102
0.0,5.427323519512232,6.175076139260602,0.0,0.0,2.025166786537167,23.7238504717818,22.589262475750054,22.550414893575816,23.576016932467756,23.62035864483341,23.24392787148802
0.0,0.0,0.0,1.8006467453427144,0.0,0.0,23.572002527480965,23.716561567079797,23.781345655246696,23.437843234156535,23.523132497846582,23.531341743387703
9.69021267716103,0.0,0.0,0.0,3.852232681978869,1.3349930679338262,23.432351668338118,23.62855635711334,23.63702230639521,23.676211307290558,23.439582495160742,23.39400037009609
0.0,0.0,7.880985388756824,0.0,0.0,0.0,25.316431825548275,23.540238608202664,23.494579489892914,23.531492755859023,24.16096880533188,23.537110497450957
0.0,0.4578709564299055,0.0,2.9030357331404066,0.0,4.59599158533765,25.130664174791804,23.475205986036105,24.992045871674406,23.412255137265863,24.056845545677863,23.402544480706712
10.0,10.0,10.0,10.0,10.0,10.0,10.0,10.0,10.0,10.0,10.0,10.0
10.0,10.0,10.0,10.0,10.0,10.0,13.76,13.7725,13.76,13.76,13.7725,13.76
10.0,10.0,10.0,10.0,10.0,10.0,17.012034166666666,17.046821666666666,17.012034166666666,17.012034166666666,17.046821666666666,17.012034166666666
10.0,10.0,10.0,10.0,10.0,10.0,19.824822945729167,19.888561414999998,19.824822945729167,19.824822945729167,19.888561414999998,19.824822945729167
4.6746231120234905,2.4148103437491075,3.576690546379572,8.493234665662492,8.621787558244383,9.54568249574306,22.257774899098102,22.35470900039882,22.257774899098102,22.257774899098102,22.35470900039882,22.257774899098102
3.5325164389418786,5.521282387717959,9.801788534843809,0.0,0.0,0.0,23.17411410370271,22.811697643436887,22.9291560371325,24.026078725604126,24.188960927096,24.26088876193031
0.0,0.0,0.0,0.0,0.0,0.0,23.78961566248914,23.940486683093738,24.909673545182997,23.876341884048173,24.08804477421568,24.102995758456945
0.0,0.0,0.0,0.0,0.0,0.0,23.649817992671334,23.86140759076279,24.742596483623444,23.734792651123627,23.997125244401428,23.96487789657545
0.0,0.0,0.0,0.0,0.0,0.0,23.51182231779457,23.78148476789059,24.578060412590236,23.595006952809555,23.906057398334397,23.828206882419007
0.06666182475229432,0.0,0.0,5.203387001754857,0.0,0.0,23.37558937594117,23.700779536633334,24.41600418643161,23.456952644381214,23.814865592995773,23.692964976613716
