states: TEMP[$r1],states: TEMP[$r2],states: TEMP[$r3],states: TEMP[$r4],states: TEMP[$r5],states: TEMP[$r6]
13.76,13.7725,13.76,13.76,13.7725,13.76
17.012034166666666,17.046821666666666,17.012034166666666,17.012034166666666,17.046821666666666,17.012034166666666
19.824822945729167,19.888561414999998,19.824822945729167,19.824822945729167,19.888561414999998,19.824822945729167
22.257774899098102,22.35470900039882,22.257774899098102,22.257774899098102,22.35470900039882,22.257774899098102
23.243184113184086,24.23543699292562,23.70051528109048,22.519521729471073,22.696525283494196,24.1370033032213
24.68944318670489,24.120914792544767,23.567668031446637,22.506431009753946,24.593348551648354,23.976327513571448
24.516300152070272,24.036723370026074,23.435987029012015,23.234787290825423,24.47567035370826,23.834535789431317
24.353034091117205,23.95164207750268,24.0026691965746,23.22192782897173,24.365856042240566,23.69435856477088
24.193203577548314,23.871666256996825,23.85589969159942,24.869899123371894,24.257489111514257,23.561639020803433
24.050601945886065,23.79073162297119,23.711179847779018,24.707251272776272,24.16446928012254,23.43024957799596
13.76,13.7725,13.76,13.76,13.7725,13.76
17.012034166666666,17.046821666666666,17.012034166666666,17.012034166666666,17.046821666666666,17.012034166666666
19.824822945729167,19.888561414999998,19.824822945729167,19.824822945729167,19.888561414999998,19.824822945729167
22.257774899098102,22.35470900039882,22.257774899098102,22.257774899098102,22.35470900039882,22.257774899098102
23.432483006914474,23.396689471868328,23.783411280922184,23.812763168031893,23.41105327626279,22.995513495611153
23.4154363516373,24.931633175663176,23.631903303543833,23.66425192955754,25.2724893482952,23.446227743155248
24.136365344214408,24.81768488061934,23.5008879960042,23.534978083058082,25.145574996564108,25.08149335780871
23.992003021406138,24.711155797573173,23.385962189761823,23.41402086498493,25.03422708060053,24.914966659887178
23.84950441491167,24.60486711466375,24.35291448631374,25.37538625174572,24.923075345352142,24.7508909803723
23.726175682160093,24.50784413605199,24.21127198902462,25.202257066108707,24.82948877703307,24.598219776355656
13.76,13.7725,13.76,13.76,13.7725,13.76
17.012034166666666,17.046821666666666,17.012034166666666,17.012034166666666,17.046821666666666,17.012034166666666
19.824822945729167,19.888561414999998,19.824822945729167,19.824822945729167,19.888561414999998,19.824822945729167
22.257774899098102,22.35470900039882,22.257774899098102,22.257774899098102,22.35470900039882,22.257774899098102
23.41815193542736,24.07760943145632,22.884763467634624,22.69420180988741,24.28973148518651,23.42006896847322
23.65648428376771,23.97595619412538,23.81137024361978,23.483101388625485,24.17810971135624,25.084920724832376
23.517172152067516,23.886257265048492,23.681373117850164,24.247252281276133,24.08957693543955,24.912829913914667
23.38710837349346,23.79637941056037,23.552579752730843,24.093786328847127,24.007997151709056,24.74339955201722
23.295477206863502,23.706473264629803,23.424979479691622,23.94255318924342,23.92552695148002,24.57662832955377
25.15199840740265,23.616862505427083,23.916289398996724,23.7938075679264,23.842234690774827,24.41244952039807
13.76,13.7725,13.76,13.76,13.7725,13.76
17.012034166666666,17.046821666666666,17.012034166666666,17.012034166666666,17.046821666666666,17.012034166666666
19.824822945729167,19.888561414999998,19.824822945729167,19.824822945729167,19.888561414999998,19.824822945729167
22.257774899098102,22.35470900039882,22.257774899098102,22.257774899098102,22.35470900039882,22.257774899098102
23.167950413519534,22.48607671427443,24.245979494297462,23.429188684267267,22.414421362836293,22.931427860692494
24.480231801412145,22.88547578204664,24.074302983091524,25.220098779330833,22.501577811710924,23.636721152416584
24.324855552928515,24.327076436712325,23.916302984027375,25.036090453728452,24.17725637800569,23.49056387902909
24.18400549699134,24.232842089023077,23.77321292978284,24.86954319758706,24.091331539271927,23.733338355566623
24.044650231228943,24.13847035679149,23.635087013441325,24.705443318785424,24.007941792354487,23.595403873132533
23.90677007875383,24.044040483450296,23.49862224104899,24.54376066588858,23.923854590915987,23.459215470651337
13.76,13.7725,13.76,13.76,13.7725,13.76
17.012034166666666,17.046821666666666,17.012034166666666,17.012034166666666,17.046821666666666,17.012034166666666
19.824822945729167,19.888561414999998,19.824822945729167,19.824822945729167,19.888561414999998,19.824822945729167
22.257774899098102,22.35470900039882,22.257774899098102,22.257774899098102,22.35470900039882,22.257774899098102
22.235871316352103,24.11174871907005,23.589149633090862,22.55932069759157,22.775814074010963,23.868843264436318
22.91495692709729,23.99243019679456,23.455937127925008,22.902442547537657,23.34492840411593,23.714883501984136
23.780666811693923,23.886131940304217,24.897423709254777,24.76713239142081,24.08826142511463,23.568565623553642
23.648072482903768,23.808576583386905,24.72575911319175,24.60231272070096,23.999851838540454,23.44426493656001
23.516911339528882,23.730172593778033,24.556882815618604,24.43994352961141,23.911149420591464,23.5720846700938
23.387159407756897,23.650979230020294,24.3928161361608,24.27997050652878,23.824277674477006,23.44337856711186
13.76,13.7725,13.76,13.76,13.7725,13.76
17.012034166666666,17.046821666666666,17.012034166666666,17.012034166666666,17.046821666666666,17.012034166666666
19.824822945729167,19.888561414999998,19.824822945729167,19.824822945729167,19.888561414999998,19.824822945729167
22.257774899098102,22.35470900039882,22.257774899098102,22.257774899098102,22.35470900039882,22.257774899098102
23.418840342320678,22.96423458195591,24.330277149250037,24.167296435609813,23.62993873404008,23.677436142015758
24.709358527231213,24.814752645540967,24.166606771188082,24.011262916568814,23.544077874931176,23.541754708178182
24.55401911193548,24.70529198514573,24.02148894780272,23.869331581467854,23.473890193591977,23.407527218037036
24.400630060617274,24.596163262721014,23.878119499813547,23.72921698241319,23.9096436695355,24.3404430366193
24.249158488164817,24.491603104344033,23.745348523667072,23.59510423791412,23.830515832210462,24.186058692285247
24.09964254705434,24.387282364366968,23.613877254168486,23.462562351054903,23.750585262741748,24.0339289501393
13.76,13.7725,13.76,13.76,13.7725,13.76
17.012034166666666,17.046821666666666,17.012034166666666,17.012034166666666,17.046821666666666,17.012034166666666
19.824822945729167,19.888561414999998,19.824822945729167,19.824822945729167,19.888561414999998,19.824822945729167
22.257774899098102,22.35470900039882,22.257774899098102,22.257774899098102,22.35470900039882,22.257774899098102
23.716010867319397,24.438357282892134,24.191902090183195,23.32216554186988,23.349801434142407,23.16641767534481
23.577660774522638,24.3309729043988,24.039861097903316,24.21498089927238,24.81407311672908,24.46369692428318
23.44945880688337,24.23672662604596,23.9016952970511,24.068896887447593,24.709547087897583,24.31498760200191
23.383252680350957,24.14233476224729,23.765102933924126,23.92467774679349,24.60504550069658,24.16812848640768
23.71422417314408,24.048331810218492,23.630057238758642,23.782791748646137,24.500597337095215,24.023084710695986
23.57650894829232,23.95802876405748,23.49653630250692,23.646488392777137,24.396238739223996,23.87982233448706
13.76,13.7725,13.76,13.76,13.7725,13.76
17.012034166666666,17.046821666666666,17.012034166666666,17.012034166666666,17.046821666666666,17.012034166666666
19.824822945729167,19.888561414999998,19.824822945729167,19.824822945729167,19.888561414999998,19.824822945729167
22.257774899098102,22.35470900039882,22.257774899098102,22.257774899098102,22.35470900039882,22.257774899098102
23.147400744882077,24.195989997030825,23.456422299754696,23.78771733228954,23.045510925209662,23.89097195268064
23.404897453341707,24.082776426038997,25.100344446427876,23.634436457345263,24.03395927422012,23.737577334954285
23.695673888796552,23.99718300584186,24.92644259114376,23.49553014733158,23.94085463205356,23.610113789528583
23.555621657552255,23.914462462842582,24.755293955294146,23.93112278900311,23.847726482657738,23.48374455311959
23.422157220652213,23.830957528341287,24.58685990034138,23.784194367541236,23.759396111782728,23.902724990849705
23.92007851449487,23.746810215853756,24.42560777809658,23.63924391699014,23.67539729067895,23.764393660980694
13.76,13.7725,13.76,13.76,13.7725,13.76
17.012034166666666,17.046821666666666,17.012034166666666,17.012034166666666,17.046821666666666,17.012034166666666
19.824822945729167,19.888561414999998,19.824822945729167,19.824822945729167,19.888561414999998,19.824822945729167
22.257774899098102,22.35470900039882,22.257774899098102,22.257774899098102,22.35470900039882,22.257774899098102
22.36276229306311,22.706799835800837,22.15662492961717,22.41565466404162,22.955644470788595,23.522543954995868
22.43962402605715,22.677005985243227,23.291058947983913,23.225399892818494,23.527088520437918,23.367163284504564
23.992552942369784,22.82290091483365,23.747687119420355,23.094649602300905,23.431613413862284,25.01187192709812
23.831643130471694,23.820991340957313,23.609130874368216,24.535269384033576,24.714492508105536,24.83493193344063
23.695246263323916,23.740379249160277,23.48102578513486,24.38213120747918,24.614591222714168,24.67213577586123
23.560453479021852,23.65924959155046,25.166647031102507,24.231011853001394,24.514507298941854,24.511679048430253
13.76,13.7725,13.76,13.76,13.7725,13.76
17.012034166666666,17.046821666666666,17.012034166666666,17.012034166666666,17.046821666666666,17.012034166666666
19.824822945729167,19.888561414999998,19.824822945729167,19.824822945729167,19.888561414999998,19.824822945729167
22.257774899098102,22.35470900039882,22.257774899098102,22.257774899098102,22.35470900039882,22.257774899098102
23.71080085511997,23.218940568336944,23.919701356526957,23.54872059596987,23.979316734934226,22.76671078306101
23.56431259255378,23.42098135027056,23.761256228295718,23.41414031036694,23.87191618652893,24.01649639905868
23.42220129929467,25.23180162338495,23.619035828594928,24.625132279514744,23.778848956197372,23.869259908790067
23.37932034967667,25.095975206688227,23.494382283326726,24.45844487853148,23.712644874746953,23.723896971871927
25.32650203477882,24.962445544043806,24.882172826243345,24.295189253356586,23.64477736455354,23.58072904788004
25.15868800093479,24.86031455600557,24.719976030492624,24.151846028211526,23.57536443728858,23.45228881384814
13.76,13.7725,13.76,13.76,13.7725,13.76
17.012034166666666,17.046821666666666,17.012034166666666,17.012034166666666,17.046821666666666,17.012034166666666
19.824822945729167,19.888561414999998,19.824822945729167,19.824822945729167,19.888561414999998,19.824822945729167
22.257774899098102,22.35470900039882,22.257774899098102,22.257774899098102,22.35470900039882,22.257774899098102
23.507230859194607,22.787735290667356,23.831563620345367,22.398402278102022,23.436170761881858,23.731466653894746
23.352864535309493,22.943601109141095,23.679860000603558,24.006091263257,24.4779750362313,23.588607496301464
25.058757844048,22.9569115914241,23.532215384799862,23.860772966372522,24.363357481921568,23.45688613472557
24.877583396507553,23.94219980839055,23.387428923538614,23.732499631422986,24.250123983049203,24.94020187198401
24.70826882422195,23.86079886690414,25.291822802002745,23.605113348350987,24.15993178617723,24.768947055789322
24.54162359205163,23.795649097416735,25.119679465889703,23.478881859991006,24.069391078451225,24.61727034777964
13.76,13.7725,13.76,13.76,13.7725,13.76
17.012034166666666,17.046821666666666,17.012034166666666,17.012034166666666,17.046821666666666,17.012034166666666
19.824822945729167,19.888561414999998,19.824822945729167,19.824822945729167,19.888561414999998,19.824822945729167
22.257774899098102,22.35470900039882,22.257774899098102,22.257774899098102,22.35470900039882,22.257774899098102
23.7967987543953,23.716183185377584,22.298033776895323,23.791250785066264,22.78489341983122,24.28823207649009
23.65423573658662,23.611550177093882,22.290423594434678,23.64111773065705,23.408899885978027,24.112667092804216
23.51326224684427,23.514135560868027,22.322260260030898,23.49890641994256,24.65799563147846,23.946810749599212
23.373963059006122,23.429264809077182,22.447442613892438,24.519043504666662,24.541265374081508,23.795948018757645
24.97185794102467,25.330103325616896,24.467548400066345,24.361070317008366,24.434719633912305,23.64908443900228
24.816892254165698,25.21665531314973,24.319782558519776,24.219638923960748,24.344803462699442,23.521991765353086
13.76,13.7725,13.76,13.76,13.7725,13.76
17.012034166666666,17.046821666666666,17.012034166666666,17.012034166666666,17.046821666666666,17.012034166666666
19.824822945729167,19.888561414999998,19.824822945729167,19.824822945729167,19.888561414999998,19.824822945729167
22.257774899098102,22.35470900039882,22.257774899098102,22.257774899098102,22.35470900039882,22.257774899098102
24.042975812887438,22.37390854996302,22.600998019043907,24.000173938868144,24.334790517128333,23.859318277539266
23.88455733850042,23.585669497125558,24.488355385073092,23.85956746196025,24.222106653187826,23.71036343519645
23.739190632469356,23.516075820146728,24.3260214046895,23.720363425902438,24.120629156894726,23.58007657105705
23.59586953679921,23.445247127384256,24.16624920053574,23.58272745993093,24.019497127550984,23.450984165032306
23.454543555839358,24.61269509988344,24.008971721708594,23.44663865453148,23.91871249858458,24.412879901269722
25.014635980135733,24.50090027614652,23.873534541465375,23.983695540155296,23.837687846801185,24.257775189009934
13.76,13.7725,13.76,13.76,13.7725,13.76
17.012034166666666,17.046821666666666,17.012034166666666,17.012034166666666,17.046821666666666,17.012034166666666
19.824822945729167,19.888561414999998,19.824822945729167,19.824822945729167,19.888561414999998,19.824822945729167
22.257774899098102,22.35470900039882,22.257774899098102,22.257774899098102,22.35470900039882,22.257774899098102
23.744345783763464,23.920297379448414,23.215710216326407,23.59132221009455,24.14485736601173,24.29361875228528
23.603183608890816,23.827829031058165,23.821401775245782,23.45729155378813,24.051207559505766,24.136893827130667
23.463810040616337,23.741340981701285,23.68200879450033,24.23445144177058,23.95729077670435,23.988517294838736
24.348371129100244,23.65444998945496,23.54428863444805,24.079771775618813,23.87082802091826,23.84206048671235
24.19333414565554,23.575777492155048,23.40821037189403,23.935771045212228,23.783833664029448,23.697549466998932
24.040478973423824,23.49641259703836,24.248778935595585,23.793503405990535,23.696498012064914,23.554942816595197
13.76,13.7725,13.76,13.76,13.7725,13.76
17.012034166666666,17.046821666666666,17.012034166666666,17.012034166666666,17.046821666666666,17.012034166666666
19.824822945729167,19.888561414999998,19.824822945729167,19.824822945729167,19.888561414999998,19.824822945729167
22.257774899098102,22.35470900039882,22.257774899098102,22.257774899098102,22.35470900039882,22.257774899098102
22.777227642797467,22.664308299457712,23.751098055521712,22.993605063250996,23.006199867545533,23.34070467763986
24.412056266370463,23.500853819066183,23.59720498513498,23.644996308107576,23.012975053661457,24.75285887283871
24.250457718826848,23.42080410643009,23.46605871107963,23.505699790250873,23.283526683741936,24.577921340015173
24.091239581538073,24.52811744046884,24.44271667468366,23.370938728234496,24.416273735483863,24.408701183409125
23.944272352174714,24.4320323537184,24.29524441647942,23.754529523396492,24.318329825850928,24.261466176842575
23.80352827531279,24.335680064285576,24.14958491422161,23.619360335208256,24.224615585909397,24.116020280506717
13.76,13.7725,13.76,13.76,13.7725,13.76
17.012034166666666,17.046821666666666,17.012034166666666,17.012034166666666,17.046821666666666,17.012034166666666
19.824822945729167,19.888561414999998,19.824822945729167,19.824822945729167,19.888561414999998,19.824822945729167
22.257774899098102,22.35470900039882,22.257774899098102,22.257774899098102,22.35470900039882,22.257774899098102
23.931761647588104,24.039629402813127,22.887656775409162,22.807602557910023,22.933421300123367,24.30604230127154
23.78018228768819,23.932164648334556,24.530447546789365,23.927928770047895,22.896420332380348,24.13616476697203
23.6409908190995,23.840176587797917,24.373453220385947,23.775027313495137,24.49905887737818,23.984092708491882
23.50338338236289,23.761950260403097,24.218513453574143,23.63830305801018,24.392624092541652,23.84802789502294
23.3675682177673,23.682843655836155,24.065822817015867,23.503105644832036,24.286590266428362,23.713328314807683
23.81818804757839,23.602921302434705,23.915326780911446,23.369413589366165,24.180961634064776,23.5799804989716
13.76,13.7725,13.76,13.76,13.7725,13.76
17.012034166666666,17.046821666666666,17.012034166666666,17.012034166666666,17.046821666666666,17.012034166666666
19.824822945729167,19.888561414999998,19.824822945729167,19.824822945729167,19.888561414999998,19.824822945729167
22.257774899098102,22.35470900039882,22.257774899098102,22.257774899098102,22.35470900039882,22.257774899098102
24.14959494880347,22.935299102947813,23.40859363467098,23.719064333171826,24.20391986426116,23.10518315663368
23.990735608979374,23.409325972396243,24.413327034536948,23.58557632293768,24.09137692344261,23.852720541136446
23.838851054956653,25.396558628756598,24.252663697291986,23.45330287729803,23.991418251555615,23.717011810027515
23.70637982128428,25.26610727997299,24.111613667164875,25.15310994623512,23.908910375495186,23.582665310381778
23.590436323656736,25.136765626340036,23.972030166168746,24.976125126358408,23.840939280732545,23.449954434946086
23.474959467333996,25.008770081938227,23.833897881102153,24.802216664562735,23.77143363810669,25.08305038477186
13.76,13.7725,13.76,13.76,13.7725,13.76
17.012034166666666,17.046821666666666,17.012034166666666,17.012034166666666,17.046821666666666,17.012034166666666
19.824822945729167,19.888561414999998,19.824822945729167,19.824822945729167,19.888561414999998,19.824822945729167
22.257774899098102,22.35470900039882,22.257774899098102,22.257774899098102,22.35470900039882,22.257774899098102
24.361816748480834,22.4092726355501,23.044507754151454,23.798439135406795,23.85382422687678,23.629506789413437
24.193708702080453,23.54902196500503,23.591658748380983,23.661735124383558,23.7528690411233,23.48622448328103
24.038337180375347,23.471766999361826,23.450503022210945,23.5263489200461,23.66223339669378,23.525949964922354
23.88523978229814,24.952312706489348,25.122436864001354,23.392438338395475,23.572989152083185,23.387151154743375
23.747351255008166,24.839891816064746,24.952285602844924,25.208962092118455,23.496599092744155,24.11833358255888
23.62725443197719,24.72778049640103,24.791721710259367,25.02742829053414,23.942885648360857,23.975242684642986
13.76,13.7725,13.76,13.76,13.7725,13.76
17.012034166666666,17.046821666666666,17.012034166666666,17.012034166666666,17.046821666666666,17.012034166666666
19.824822945729167,19.888561414999998,19.824822945729167,19.824822945729167,19.888561414999998,19.824822945729167
22.257774899098102,22.35470900039882,22.257774899098102,22.257774899098102,22.35470900039882,22.257774899098102
22.137419604382703,22.872395124350934,23.0475495968851,23.602631571275666,23.23528351927705,23.85465229553738
22.943389728681822,24.200150038386067,23.011808748345448,23.447335566804192,24.307459669693934,23.70037766797578
24.085671776056,24.09191750090918,23.249142379325246,23.992952967093988,24.204917082292383,23.558757569689238
23.940397994121234,23.997709505986382,24.072997418593896,23.851808057395484,24.108043657118184,23.42194875349206
23.796946109385843,23.911293076172917,23.922510262980335,23.71232090299447,24.01109617880719,24.988988773809353
23.65534742094698,23.824319772135624,23.78828057363174,23.574462898547264,23.928354446160938,24.818930578172964
13.76,13.7725,13.76,13.76,13.7725,13.76
17.012034166666666,17.046821666666666,17.012034166666666,17.012034166666666,17.046821666666666,17.012034166666666
19.824822945729167,19.888561414999998,19.824822945729167,19.824822945729167,19.888561414999998,19.824822945729167
22.257774899098102,22.35470900039882,22.257774899098102,22.257774899098102,22.35470900039882,22.257774899098102
23.596588389819576,22.46759089751534,23.493317744564536,23.78404610061753,22.53566879441027,23.09877626933164
23.44877420881913,24.033655408695996,24.225560253344113,23.630355376615864,23.723576459363656,24.673456869707106
24.406337733552455,23.94008626818697,24.081828890733302,23.489334460918016,23.647526925467034,24.511745069664382
24.247251194483734,23.8555893518874,23.939713191185884,24.261253564707776,23.570551424035934,24.352413006943543
24.09803605226568,23.770581483055132,23.799266513155676,24.109181774947842,23.5003821580643,24.195404456681235
23.950731057221287,23.685231517738707,23.660460497206717,23.95924198464466,23.429121613247162,24.040729537881994
13.76,13.7725,13.76,13.76,13.7725,13.76
17.012034166666666,17.046821666666666,17.012034166666666,17.012034166666666,17.046821666666666,17.012034166666666
19.824822945729167,19.888561414999998,19.824822945729167,19.824822945729167,19.888561414999998,19.824822945729167
22.257774899098102,22.35470900039882,22.257774899098102,22.257774899098102,22.35470900039882,22.257774899098102
22.8994984677636,23.653008292090345,24.2068385924216,22.3189351796171,22.70327301418755,22.86899067593756
22.987622856423954,23.558098533582296,24.04538549547752,22.408313700509222,24.23821066196761,23.471419481867866
23.579258282923448,23.478334779523426,23.892366231661544,22.847376781408542,24.121915176414117,23.633816878249696
23.432512694813415,24.293554744199337,23.744020458193468,24.737760041331445,24.01360139747769,23.49972190877924
23.632856798178157,24.190132279697146,23.605213897536167,24.57018182435753,23.930101659592427,25.316586896623534
23.505003769926056,24.0897587489175,23.48430077875717,24.407941326496307,23.86209349106915,25.1346784091667
13.76,13.7725,13.76,13.76,13.7725,13.76
17.012034166666666,17.046821666666666,17.012034166666666,17.012034166666666,17.046821666666666,17.012034166666666
19.824822945729167,19.888561414999998,19.824822945729167,19.824822945729167,19.888561414999998,19.824822945729167
22.257774899098102,22.35470900039882,22.257774899098102,22.257774899098102,22.35470900039882,22.257774899098102
23.959531292608222,23.363461241487155,23.377452543539082,23.181573117354855,22.510419666409344,24.269518420425275
23.804710451520233,24.63343801830889,23.816912179615013,24.200763444575653,22.83009075750924,24.101148646642937
23.6729977957026,24.513240691808775,23.68405164714547,24.04040857328174,23.99702940362519,23.94348959177931
23.542377221981933,24.40431924391036,23.552335554530956,23.892856493346926,23.91376505856915,23.798553559083146
23.4130209463033,24.295921582830513,23.42193408948999,23.747364541170608,23.829757644625037,23.65560039859119
24.530567499272028,24.18804663903721,23.310274497182423,23.60388341116869,23.74506843925211,23.514583235995502
13.76,13.7725,13.76,13.76,13.7725,13.76
17.012034166666666,17.046821666666666,17.012034166666666,17.012034166666666,17.046821666666666,17.012034166666666
19.824822945729167,19.888561414999998,19.824822945729167,19.824822945729167,19.888561414999998,19.824822945729167
22.257774899098102,22.35470900039882,22.257774899098102,22.257774899098102,22.35470900039882,22.257774899098102
23.678651654563517,23.038249809846228,22.245318801386652,22.99965488902303,24.025742083562665,24.207220593800013
23.52691930688317,23.606078457799896,23.237069507281618,23.775798527666886,23.92281368755691,24.043666398211048
23.390338091478643,23.519945193507997,23.741197294490267,23.633301549295894,23.832938621351406,23.891778279047955
23.880923809282148,23.438817522938542,23.599284643884214,23.492628294056562,23.742701164616275,23.747297685663096
23.73137013355705,24.621203946634772,23.459187566354743,24.49175942226554,23.652231282410835,23.604645023503124
23.603890397736503,24.504647898155124,23.346510317158387,24.330066532443777,23.58157912477219,23.46378588308911
13.76,13.7725,13.76,13.76,13.7725,13.76
17.012034166666666,17.046821666666666,17.012034166666666,17.012034166666666,17.046821666666666,17.012034166666666
19.824822945729167,19.888561414999998,19.824822945729167,19.824822945729167,19.888561414999998,19.824822945729167
22.257774899098102,22.35470900039882,22.257774899098102,22.257774899098102,22.35470900039882,22.257774899098102
24.3282451874411,22.290665884361104,23.210497405705862,23.869743495539133,22.729515680740764,23.673744715545634
24.160617213850657,22.259122919874276,23.085619454766107,23.721533599244317,24.29648476106429,23.521324389298687
23.99585661156595,22.714042367481316,24.911046307247574,23.588844511554953,24.178902786517842,23.384890768459286
23.83807190296506,24.75735540132707,24.727728919129174,23.457258014050574,24.066543554834954,25.23595671087361
23.700327225620157,24.65145758151001,24.581638579461856,25.216059719177547,23.989052153131787,25.066639275477645
23.57994384829203,24.545858015072938,24.437059215263268,25.0380529921469,23.926345578147796,24.89986796711703
13.76,13.7725,13.76,13.76,13.7725,13.76
17.012034166666666,17.046821666666666,17.012034166666666,17.012034166666666,17.046821666666666,17.012034166666666
19.824822945729167,19.888561414999998,19.824822945729167,19.824822945729167,19.888561414999998,19.824822945729167
22.257774899098102,22.35470900039882,22.257774899098102,22.257774899098102,22.35470900039882,22.257774899098102
22.974836327720105,23.39535817569291,23.91962333319495,23.834725479430666,22.62232888410617,22.793208549303493
23.677299570592567,24.78496244437798,23.762871198267966,23.675255880169047,23.981467027264756,24.47252537896781
23.545788380312946,24.66811268295888,23.635775492674288,23.53711914660512,23.90231904685869,24.314339515769962
23.41557707315533,24.552099852615132,23.50969760754197,23.400824230722044,23.82220133785547,24.15855437870956
24.251438699788064,24.436909032375517,23.384638017606605,23.303785472162954,23.74118653323121,24.00510784964231
24.09897993785224,24.33056615220233,24.38477413688886,24.986562423292938,23.659656140352574,23.853940037314857
13.76,13.7725,13.76,13.76,13.7725,13.76
17.012034166666666,17.046821666666666,17.012034166666666,17.012034166666666,17.046821666666666,17.012034166666666
19.824822945729167,19.888561414999998,19.824822945729167,19.824822945729167,19.888561414999998,19.824822945729167
22.257774899098102,22.35470900039882,22.257774899098102,22.257774899098102,22.35470900039882,22.257774899098102
22.672353902359404,24.385456446223568,22.386352286452187,22.449024816276815,22.91510012336142,23.4079418020534
24.6317739188788,24.252359318213855,22.521778878066506,22.339302774962302,23.826482748709054,23.790114260240326
24.45983532385113,24.14847338573346,23.528960575761612,22.285572094273377,23.730919965757035,23.638065548269697
24.291060824625898,24.05399789130737,23.395698385217848,24.07364331308211,23.635762975396098,23.49757326246283
24.140794792354512,23.959164808747683,23.566425971646844,23.92736571680411,23.55652216963874,23.78135892177821
23.99243268234988,23.866805432921318,23.43180465972292,23.782984875945615,23.480113263898613,23.635993934367615
13.76,13.7725,13.76,13.76,13.7725,13.76
17.012034166666666,17.046821666666666,17.012034166666666,17.012034166666666,17.046821666666666,17.012034166666666
19.824822945729167,19.888561414999998,19.824822945729167,19.824822945729167,19.888561414999998,19.824822945729167
22.257774899098102,22.35470900039882,22.257774899098102,22.257774899098102,22.35470900039882,22.257774899098102
23.770542708521553,23.84868895249466,23.635465729772566,23.044544383552438,22.86479033569767,24.067812670567097
23.62354510328753,23.751507412512463,23.500512989918587,23.867812624861713,23.67587937483576,23.90979884948333
23.486426283200867,23.661772284771796,23.366948016322755,23.721666875073634,23.594584135095953,23.761534440817655
24.114204930099465,23.571908221161173,23.48256234766665,23.577506887021066,23.512628160879732,23.615340582683185
23.96039263594631,23.490364384571937,24.910433792406767,23.441649587596388,23.43006482827612,23.473234342580362
23.808774194153276,24.462100328403025,24.73433790178911,24.66322848569759,23.808627639748106,24.561805117180654
13.76,13.7725,13.76,13.76,13.7725,13.76
17.012034166666666,17.046821666666666,17.012034166666666,17.012034166666666,17.046821666666666,17.012034166666666
19.824822945729167,19.888561414999998,19.824822945729167,19.824822945729167,19.888561414999998,19.824822945729167
22.257774899098102,22.35470900039882,22.257774899098102,22.257774899098102,22.35470900039882,22.257774899098102
23.5314685414981,22.527282255939006,23.432712633371434,23.381101392680417,24.402822499252075,22.75320791354691
23.382489745301747,24.34756490459921,25.242391655273973,23.92693732902281,24.27491422583517,23.853409687918074
24.024646658991035,24.256701798217243,25.06796249418886,23.78223503583898,24.17988908895732,23.726121359637784
23.88057929253028,24.171784019040764,24.89625783055148,23.645860463013577,24.08480970654152,23.5999023790901
23.738419577471088,24.0860961586926,24.72726516953196,23.51104442178153,23.989805627054967,23.47474715077707
23.59812440581173,23.99970140685061,24.56091633332098,23.37776285000202,23.894889932303258,23.769003975614357
13.76,13.7725,13.76,13.76,13.7725,13.76
17.012034166666666,17.046821666666666,17.012034166666666,17.012034166666666,17.046821666666666,17.012034166666666
19.824822945729167,19.888561414999998,19.824822945729167,19.824822945729167,19.888561414999998,19.824822945729167
22.257774899098102,22.35470900039882,22.257774899098102,22.257774899098102,22.35470900039882,22.257774899098102
23.336801523058963,23.007919927275537,23.03079571438656,23.883288712680358,24.097688751581156,23.790381826962253
24.728020340124193,23.427528944973815,23.755575570484872,23.73786548807631,23.99614923198523,23.64482800410151
24.558356430708876,25.178039997698065,23.61046043124579,23.606976654091902,23.898854755461954,23.508258314848618
24.40660770409075,25.05429017791514,23.48257384345332,23.47727173027635,23.81695950240909,23.373225047788665
24.25669864436498,24.931394785271568,25.018945996748535,23.60943407103191,23.734386075925308,25.16412221164869
24.110770690970504,24.82320562087382,24.866123586390877,23.475780764767872,23.66939443661891,24.99633429632595
13.76,13.7725,13.76,13.76,13.7725,13.76
17.012034166666666,17.046821666666666,17.012034166666666,17.012034166666666,17.046821666666666,17.012034166666666
19.824822945729167,19.888561414999998,19.824822945729167,19.824822945729167,19.888561414999998,19.824822945729167
22.257774899098102,22.35470900039882,22.257774899098102,22.257774899098102,22.35470900039882,22.257774899098102
22.55325115546808,22.90949088818158,22.673127657238762,23.08457584470133,23.10290776043774,22.972191293781968
24.54018662444999,23.500673831466205,23.055866495311566,24.180071304637313,23.14704335939755,23.893731144946738
24.379708807239133,23.418303578225878,24.7053430352186,24.029025530944445,25.165273994368995,23.737772811836326
24.2214649662937,24.527396299301877,24.536192030260302,23.897394514422835,25.03456836472002,23.616440120107985
24.075487572910838,24.438350376292643,24.379677332967354,23.766783476701523,24.91508169443779,23.49576832860501
23.931481199474568,24.348570648702797,24.22549089162881,23.637361567556994,24.796492909666604,23.610898064149684
13.76,13.7725,13.76,13.76,13.7725,13.76
17.012034166666666,17.046821666666666,17.012034166666666,17.012034166666666,17.046821666666666,17.012034166666666
19.824822945729167,19.888561414999998,19.824822945729167,19.824822945729167,19.888561414999998,19.824822945729167
22.257774899098102,22.35470900039882,22.257774899098102,22.257774899098102,22.35470900039882,22.257774899098102
23.590923643569052,23.356899964979526,23.84058982269218,24.267550969214735,22.99577407816306,22.674659667011525
23.45469709813606,24.9256007063188,23.684587459659497,24.105055977072535,23.048731797437767,23.071261763993537
24.648734582942506,24.79407582053995,23.549025181816802,23.946098718466054,23.374492459634688,23.319914909893043
24.49425857433676,24.67819638635136,23.417969240460597,23.80394595636081,25.30895428651069,24.73780298815098
24.341655110152676,24.57967926678878,24.817996431017715,23.68032830425431,25.190715676147757,24.580897064725978
24.191174571417807,24.493650683179283,24.66261591005592,23.55767284455019,25.073013349899547,24.43875880455845
13.76,13.7725,13.76,13.76,13.7725,13.76
17.012034166666666,17.046821666666666,17.012034166666666,17.012034166666666,17.046821666666666,17.012034166666666
19.824822945729167,19.888561414999998,19.824822945729167,19.824822945729167,19.888561414999998,19.824822945729167
22.257774899098102,22.35470900039882,22.257774899098102,22.257774899098102,22.35470900039882,22.257774899098102
23.329313841515248,22.989265336658853,22.24482680208607,23.63422066823393,22.496936737142345,23.102917698976572
24.002733869489322,24.487770356346886,23.61434971421478,23.48188159315415,23.917665022658316,23.590325811041808
23.858659774550546,24.381150437764067,23.481293491802006,25.132752705474157,23.829071138704766,23.45334453251987
23.731206369115277,24.274814689959417,24.782797005979393,24.956901694712894,23.754973062918225,23.499008233586537
23.604720506458502,24.18096820121496,24.616776858311564,24.783950541680024,23.681219526520856,23.42561397294781
23.479305232793603,24.087002252354416,24.453686479077724,24.61383466326527,23.60693585561577,24.016937930639322
13.76,13.7725,13.76,13.76,13.7725,13.76
17.012034166666666,17.046821666666666,17.012034166666666,17.012034166666666,17.046821666666666,17.012034166666666
19.824822945729167,19.888561414999998,19.824822945729167,19.824822945729167,19.888561414999998,19.824822945729167
22.257774899098102,22.35470900039882,22.257774899098102,22.257774899098102,22.35470900039882,22.257774899098102
23.127459186168373,22.287232546055233,22.299657894633715,22.52143070125832,22.55934648230684,23.507792140900186
24.17770938367766,24.282193301909697,24.37346445748795,22.585050420388114,23.979285688627847,23.35068509037208
24.01989189949687,24.19029525730663,24.21692947384322,24.213071064675265,23.877582417630475,23.598235137224165
23.87898526729732,24.097801895440554,24.065768022082974,24.062917958342076,23.793921312572905,23.465735362954568
23.739726024742975,24.005067874557646,23.91666812366119,23.914803691342502,23.709748398361146,25.166278600104377
23.602086255897795,23.9121273580341,23.784849445229696,23.768684632072993,23.64037001229573,24.98904356591018
13.76,13.7725,13.76,13.76,13.7725,13.76
17.012034166666666,17.046821666666666,17.012034166666666,17.012034166666666,17.046821666666666,17.012034166666666
19.824822945729167,19.888561414999998,19.824822945729167,19.824822945729167,19.888561414999998,19.824822945729167
22.257774899098102,22.35470900039882,22.257774899098102,22.257774899098102,22.35470900039882,22.257774899098102
22.510163826177976,23.187073861681384,22.32256252079869,24.17327895245067,23.320557087785286,23.725327017577975
24.124751768589434,24.426108766496373,22.893721844398513,24.006939154013626,24.17301014582915,23.56908928990008
23.981361757286667,24.318555232200172,23.84924338399494,23.865489796164677,24.08012138885874,23.42878368956083
23.839630836760367,24.220356435611752,23.707313828551413,23.725755025607434,23.986891168106283,23.57405244524712
23.69960804589656,24.122085595610702,23.569472604940046,23.58770117185613,23.89580218499018,23.438846537790955
23.561262309430226,24.023811111046424,23.433275356964746,23.45131653909643,23.804463644253055,24.292854467539954
13.76,13.7725,13.76,13.76,13.7725,13.76
17.012034166666666,17.046821666666666,17.012034166666666,17.012034166666666,17.046821666666666,17.012034166666666
19.824822945729167,19.888561414999998,19.824822945729167,19.824822945729167,19.888561414999998,19.824822945729167
22.257774899098102,22.35470900039882,22.257774899098102,22.257774899098102,22.35470900039882,22.257774899098102
22.414208690618707,23.02464281767105,22.328288763784155,22.396175312050335,22.422246739097815,22.41616157776566
22.95455187408154,24.228034106156226,24.122409986323916,23.035840596237815,23.424768789013022,22.89191750720202
24.12621368573863,24.120922462417333,23.96813848970805,24.676159319239293,23.579294854708166,24.414981225737446
23.985819219186325,24.026924027384748,23.829684080606526,24.512346908137825,23.515042415560153,24.256653034187334
23.846932434816036,23.933003865823583,23.692732533187165,24.35109505436129,23.44933003982148,24.100758748890094
23.709536060327576,23.839172453415134,23.55726564525803,24.19233747460928,25.4462586634298,23.947235344579486
13.76,13.7725,13.76,13.76,13.7725,13.76
17.012034166666666,17.046821666666666,17.012034166666666,17.012034166666666,17.046821666666666,17.012034166666666
19.824822945729167,19.888561414999998,19.824822945729167,19.824822945729167,19.888561414999998,19.824822945729167
22.257774899098102,22.35470900039882,22.257774899098102,22.257774899098102,22.35470900039882,22.257774899098102
22.353191630459172,23.848070619687846,24.199103083768314,22.358085426080624,22.583906533343573,22.603037468089166
23.43374607845263,23.741453423219028,24.037260675026655,24.031144107742048,22.94959285220129,24.356408982396
24.21661094162417,23.648871333790773,23.89335586499463,23.873110887691716,23.948455598754023,24.19493461120634
24.063236550198397,23.572830957987918,23.751081438885368,23.73404084616123,23.8602073348987,24.044789951237412
23.912063696738223,23.495967701583982,23.61062720065794,23.596578898168257,23.771673036978004,23.896634286038804
23.763041592966932,23.771556350529945,23.47195546720433,23.460699128809427,23.682884761954035,23.750428603486842
13.76,13.7725,13.76,13.76,13.7725,13.76
17.012034166666666,17.046821666666666,17.012034166666666,17.012034166666666,17.046821666666666,17.012034166666666
19.824822945729167,19.888561414999998,19.824822945729167,19.824822945729167,19.888561414999998,19.824822945729167
22.257774899098102,22.35470900039882,22.257774899098102,22.257774899098102,22.35470900039882,22.257774899098102
23.63642504363028,22.376550678341776,24.029837033758433,22.276588215351207,24.428118019716102,22.68740479577644
23.47425263223318,24.016113390275628,23.86084298995529,22.50958269389168,24.288410529012218,23.30589654074487
23.9213843077574,23.92497239808952,23.715066953183708,22.779031425084963,24.17382763852152,23.963003836028722
23.768881623269337,23.838236001478077,23.57780355322887,23.307747524028297,24.06978725531108,23.819291399396352
23.624033527042585,23.750928396696963,23.442194314037486,24.081304944998198,23.971483694623466,23.677310609274905
23.48867626512331,23.66319281376438,25.101027509728006,23.932066938902754,23.880787695424566,23.537077962230544
13.76,13.7725,13.76,13.76,13.7725,13.76
17.012034166666666,17.046821666666666,17.012034166666666,17.012034166666666,17.046821666666666,17.012034166666666
19.824822945729167,19.888561414999998,19.824822945729167,19.824822945729167,19.888561414999998,19.824822945729167
22.257774899098102,22.35470900039882,22.257774899098102,22.257774899098102,22.35470900039882,22.257774899098102
22.349253760678618,23.460128905383954,23.95791279035776,22.171950430216764,24.20789052602573,23.041453483482133
23.56538908118666,24.32023283460076,23.802771998016077,22.76460743582956,24.086173387246447,23.752555077696147
23.425330742784343,24.218178345739894,23.66476470983688,23.2324794021729,23.98629209679605,23.61432350075833
24.201518574725533,24.116163502014,23.528348977572364,23.769828974821756,23.891428645843433,23.477709299648023
24.051570632482353,24.021877527560573,23.393497162961932,23.63284757210718,23.802019015464857,23.797250129647853
23.903600356425358,23.927419578248546,24.111287780981588,23.497438746983118,23.716139048142544,23.65207604234183
13.76,13.7725,13.76,13.76,13.7725,13.76
17.012034166666666,17.046821666666666,17.012034166666666,17.012034166666666,17.046821666666666,17.012034166666666
19.824822945729167,19.888561414999998,19.824822945729167,19.824822945729167,19.888561414999998,19.824822945729167
22.257774899098102,22.35470900039882,22.257774899098102,22.257774899098102,22.35470900039882,22.257774899098102
23.155054156970508,23.80176734050061,22.95232117352757,23.289692959349367,23.797923280598674,23.513100363685762
24.424356980323534,23.70300626620244,23.48166901800962,25.109014518105116,23.705109516942763,23.37161541216583
24.276322857163503,23.621546783010913,24.247452806558716,24.937462819173348,23.62835514617558,24.668115643531287
24.130035362776407,23.54714120279097,24.099672576609102,24.768505374951868,23.56269509157189,24.505931864920445
23.985529413351962,23.472063065461732,23.9537692121575,24.602181634598733,23.49570735698246,24.346192953172984
23.84277495737976,23.570063659916126,23.809708605746188,24.438426794283846,24.481373015673466,24.18883981642694
13.76,13.7725,13.76,13.76,13.7725,13.76
17.012034166666666,17.046821666666666,17.012034166666666,17.012034166666666,17.046821666666666,17.012034166666666
19.824822945729167,19.888561414999998,19.824822945729167,19.824822945729167,19.888561414999998,19.824822945729167
22.257774899098102,22.35470900039882,22.257774899098102,22.257774899098102,22.35470900039882,22.257774899098102
22.609763916369495,22.654730978315413,24.169349274481924,24.156514510817146,23.048197213994772,24.24177375660369
23.972604485374585,24.200593403420157,24.011993343249948,23.989171621517652,25.068528765472042,24.085207119096108
23.831149285442436,24.115600914514083,23.870312687623784,23.854379720964353,24.949928676084657,23.948242534608998
23.69154627809636,24.029916641345107,23.730471990126272,23.72093089874363,24.832061931374405,23.812675729967793
23.553752656605006,23.943599081299713,23.592429218477676,23.588811725001104,24.714922689936092,23.678491748845722
23.417727104558423,23.85670414805092,23.456143797831032,23.458008714217044,24.598505543835145,23.54567562545631
13.76,13.7725,13.76,13.76,13.7725,13.76
17.012034166666666,17.046821666666666,17.012034166666666,17.012034166666666,17.046821666666666,17.012034166666666
19.824822945729167,19.888561414999998,19.824822945729167,19.824822945729167,19.888561414999998,19.824822945729167
22.257774899098102,22.35470900039882,22.257774899098102,22.257774899098102,22.35470900039882,22.257774899098102
23.05715600777401,24.283139651463554,23.49710942292219,23.297474101668822,22.666174055093517,23.37256567269803
24.28430322262054,24.16362853307023,25.24158994690178,23.94950525412573,23.09342098960308,24.21130647542774
24.134092274424763,24.076176092737832,25.06863133377203,23.8018845899014,23.893898203494377,24.06484546043435
23.98583412713361,23.9954341049372,24.89822757239815,23.663527099355377,23.809238102494124,23.92742785604609
23.83961104010861,23.913854287508126,24.73044341237514,23.526831683056564,23.724252653960672,23.79146330291899
23.695376885693822,23.83149890024387,24.565215761764765,23.391769305427545,23.638971002470097,23.656933079958275
13.76,13.7725,13.76,13.76,13.7725,13.76
17.012034166666666,17.046821666666666,17.012034166666666,17.012034166666666,17.046821666666666,17.012034166666666
19.824822945729167,19.888561414999998,19.824822945729167,19.824822945729167,19.888561414999998,19.824822945729167
22.257774899098102,22.35470900039882,22.257774899098102,22.257774899098102,22.35470900039882,22.257774899098102
24.101561193153934,24.066155958961293,22.920070219720785,23.313400986867148,22.558355892410496,22.939064146282192
23.949996011630788,23.956421812787795,24.458942331789892,23.30151380765941,24.428471532907984,23.750721170445694
23.801364328998297,23.87726204677425,24.300800233426475,25.167559580301027,24.319320604095385,23.62085792217115
23.671493979822927,23.797109984200222,24.145034560422207,24.994410090673135,24.227389164794456,23.492149087427293
23.542894824722318,23.716316278069296,23.991584777674774,24.823921354100335,24.135147163080468,23.898183170232706
23.415550585596588,23.634928284091945,23.84484141949201,24.65603208540233,24.047077320920888,23.758140749680855
13.76,13.7725,13.76,13.76,13.7725,13.76
17.012034166666666,17.046821666666666,17.012034166666666,17.012034166666666,17.046821666666666,17.012034166666666
19.824822945729167,19.888561414999998,19.824822945729167,19.824822945729167,19.888561414999998,19.824822945729167
22.257774899098102,22.35470900039882,22.257774899098102,22.257774899098102,22.35470900039882,22.257774899098102
22.669904220505877,22.436345477903266,23.72221224732789,23.14506744882619,22.863193425239917,23.79562566655435
23.672532109111806,23.091984424079882,23.57096272959087,23.936644711842174,23.325841769006658,23.64540962875923
23.529215161569702,23.61169564555817,23.4278638589481,23.786197704788936,24.92130046729129,23.50170045716527
23.39270762799005,23.53531665236622,23.30249954554345,23.651769769800566,24.79583977608437,23.373836710478585
25.03776090324037,23.458096731559923,24.640676369029023,23.518659493745965,24.67147747585378,24.348505246402524
24.8584588482627,24.810859802695802,24.478630438401915,23.401688055922115,24.557370983664253,24.20661420431815
13.76,13.7725,13.76,13.76,13.7725,13.76
17.012034166666666,17.046821666666666,17.012034166666666,17.012034166666666,17.046821666666666,17.012034166666666
19.824822945729167,19.888561414999998,19.824822945729167,19.824822945729167,19.888561414999998,19.824822945729167
22.257774899098102,22.35470900039882,22.257774899098102,22.257774899098102,22.35470900039882,22.257774899098102
22.86030172259336,23.627721144124155,24.328426492516783,23.368594164067087,22.882852036061735,22.36814152213751
24.388639434399266,23.535784693796707,24.15942257482634,24.77564046051416,24.705838837788658,23.692895544005975
24.237363825414377,23.47324059584068,24.005093280588593,24.620812142456504,24.59631737992707,23.56435356765261
24.088216248613353,25.208324699646063,23.85319059443571,24.46784250295788,24.487335847687262,23.43696028233262
23.95613701049408,25.08663740853826,23.71864113088877,24.316705371912523,24.393882664821508,25.03778762504735
23.825223799016218,24.965752162906476,23.59992172671842,24.167624666813264,24.314416584924988,24.867949603942662
13.76,13.7725,13.76,13.76,13.7725,13.76
17.012034166666666,17.046821666666666,17.012034166666666,17.012034166666666,17.046821666666666,17.012034166666666
19.824822945729167,19.888561414999998,19.824822945729167,19.824822945729167,19.888561414999998,19.824822945729167
22.257774899098102,22.35470900039882,22.257774899098102,22.257774899098102,22.35470900039882,22.257774899098102
23.544676636315053,23.370843428330218,23.29002137118711,24.141987686905612,23.945833733049593,22.360331574504233
23.408724274871314,25.239643396138703,25.232819253493176,23.990294343970483,23.842302784639628,23.798841133964746
25.26785334738168,25.117436592617736,25.06561862318432,23.840555654258843,23.76830397990359,23.669288996418853
25.09906960185092,25.01253149868568,24.90067418478087,23.709592495156564,23.69327182422573,23.541100617162844
24.93271569758474,24.907498352775562,24.738082728850937,23.5800080358125,23.617550618143717,23.414250671999284
24.768738779531706,24.80237527128949,24.5777930663269,23.45178087917762,23.541183470164952,23.948929936755707
13.76,13.7725,13.76,13.76,13.7725,13.76
17.012034166666666,17.046821666666666,17.012034166666666,17.012034166666666,17.046821666666666,17.012034166666666
19.824822945729167,19.888561414999998,19.824822945729167,19.824822945729167,19.888561414999998,19.824822945729167
22.257774899098102,22.35470900039882,22.257774899098102,22.257774899098102,22.35470900039882,22.257774899098102
22.98992793431244,23.298048359117644,23.555610652485942,24.2450406978477,23.146562150528727,22.26528594888688
24.509781157048934,24.057818406425195,23.403127744310826,24.07938018038159,23.44932022704251,23.15264507619818
24.35389892764084,23.963196823961095,24.246240435349115,23.933222166384915,24.343511444990646,23.736002155336088
24.20006963465308,23.88471067994548,24.093571248839375,23.797022925573906,24.242213555215372,23.604041698210377
24.048457267963318,23.805278924853084,23.943124100718816,23.66224448013599,24.141192509145974,23.47340131901994
23.899008054985014,23.724970407433325,23.79484424596154,23.528870611608358,24.040454615935236,23.395072496494592
13.76,13.7725,13.76,13.76,13.7725,13.76
17.012034166666666,17.046821666666666,17.012034166666666,17.012034166666666,17.046821666666666,17.012034166666666
19.824822945729167,19.888561414999998,19.824822945729167,19.824822945729167,19.888561414999998,19.824822945729167
22.257774899098102,22.35470900039882,22.257774899098102,22.257774899098102,22.35470900039882,22.257774899098102
24.176752674552464,22.85819883582542,23.783583623078137,23.295536154733263,22.361713549838644,23.784567911277442
24.013014198573984,24.843687023315823,23.634159189119668,23.510859608031655,24.23357160056481,23.6309722650289
23.871879842414014,24.72882801207269,23.503891787639215,23.381902520731987,24.13865181218363,23.495730118874473
23.732389059291187,24.614505665380726,23.374932590094005,24.104981975286268,24.043539448483553,24.144640847833244
23.60160382454437,24.500726205819817,25.124500443568788,23.956630807244643,23.961879911455945,23.9922780927424
23.472040033389064,24.403311713384355,24.955574947005537,23.81037257777265,23.879318123438004,23.85778235370244
13.76,13.7725,13.76,13.76,13.7725,13.76
17.012034166666666,17.046821666666666,17.012034166666666,17.012034166666666,17.046821666666666,17.012034166666666
19.824822945729167,19.888561414999998,19.824822945729167,19.824822945729167,19.888561414999998,19.824822945729167
22.257774899098102,22.35470900039882,22.257774899098102,22.257774899098102,22.35470900039882,22.257774899098102
23.459130907409797,22.98192883567491,24.339466878797758,24.313115659122516,22.36200908723643,22.38089679992359
25.194415049758526,24.690379039175912,24.164900142459054,24.14305443878825,24.51988055165591,23.931942735943185
25.0265057701541,24.596964658733945,24.022041882708507,24.009864859456595,24.422512419532556,23.79567156631229
24.861080761707925,24.503068347085136,23.880989843888358,23.877933113655637,24.325163082126352,23.66094723845825
24.698081795711285,24.40874107530308,23.741705863249962,23.74724730418614,24.22785130830323,23.527744678506856
24.537452485443715,24.314031574760396,23.604152987676244,23.617795514839745,24.13059539706872,23.396039303933684
13.76,13.7725,13.76,13.76,13.7725,13.76
17.012034166666666,17.046821666666666,17.012034166666666,17.012034166666666,17.046821666666666,17.012034166666666
19.824822945729167,19.888561414999998,19.824822945729167,19.824822945729167,19.888561414999998,19.824822945729167
22.257774899098102,22.35470900039882,22.257774899098102,22.257774899098102,22.35470900039882,22.257774899098102
23.7238504717818,22.589262475750054,22.550414893575816,23.576016932467756,23.62035864483341,23.24392787148802
23.572002527480965,23.716561567079797,23.781345655246696,23.437843234156535,23.523132497846582,23.531341743387703
23.432351668338118,23.62855635711334,23.63702230639521,23.676211307290558,23.439582495160742,23.39400037009609
25.316431825548275,23.540238608202664,23.494579489892914,23.531492755859023,24.16096880533188,23.537110497450957
25.130664174791804,23.475205986036105,24.992045871674406,23.412255137265863,24.056845545677863,23.402544480706712
24.948198637934116,23.517414019483102,24.81310926432241,23.8992537194678,23.953319169075503,24.242337186251028
13.76,13.7725,13.76,13.76,13.7725,13.76
17.012034166666666,17.046821666666666,17.012034166666666,17.012034166666666,17.046821666666666,17.012034166666666
19.824822945729167,19.888561414999998,19.824822945729167,19.824822945729167,19.888561414999998,19.824822945729167
22.257774899098102,22.35470900039882,22.257774899098102,22.257774899098102,22.35470900039882,22.257774899098102
23.17411410370271,22.811697643436887,22.9291560371325,24.026078725604126,24.188960927096,24.26088876193031
23.78961566248914,23.940486683093738,24.909673545182997,23.876341884048173,24.08804477421568,24.102995758456945
23.649817992671334,23.86140759076279,24.742596483623444,23.734792651123627,23.997125244401428,23.96487789657545
23.51182231779457,23.78148476789059,24.578060412590236,23.595006952809555,23.906057398334397,23.828206882419007
23.37558937594117,23.700779536633334,24.41600418643161,23.456952644381214,23.814865592995773,23.692964976613716
23.255016956145955,23.619350669074947,24.256368615020346,24.403052754572258,23.723573519528223,23.559134595176296
