Reward
-120539.15
-120343.58219999999
-120174.23585387084
-92.40517597190049
-40139.15173949269
-120200.23178097003
-120159.37667290264
-120151.66013372102
-120144.01072839949
-120136.42778937821
-120539.15
-120343.58219999999
-120174.23585387084
-92.40517597190049
-60128.866909014665
-100131.53013318316
-100141.18613823368
-100131.94516269227
-100133.64115224492
-120129.65758875132
-120539.15
-120343.58219999999
-120174.23585387084
-92.40517597190049
-84.69735201816982
-60156.493119929204
-120159.57058048483
-100138.8382023475
-100149.31330579855
-120151.14934405815
-120539.15
-120343.58219999999
-120174.23585387084
-92.40517597190049
-60127.50153499325
-100124.3464080781
-80109.83185412908
-60129.5276022718
-120159.78154397645
-120137.03752228519
-120539.15
-120343.58219999999
-120174.23585387084
-92.40517597190049
-80167.3880680283
-120163.11128129493
-120140.43217678468
-120132.89552299387
-80125.42375201819
-120150.2913009478
-120539.15
-120343.58219999999
-120174.23585387084
-92.40517597190049
-60132.9770712
-100155.64577946687
-120148.2334529424
-120134.44857801222
-120126.9596928452
-120119.53534707753
-120539.15
-120343.58219999999
-120174.23585387084
-92.40517597190049
-40103.8433869179
-100139.54183823943
-120133.23921827052
-60118.64247501673
-120166.81044920985
-100141.19310185849
-120539.15
-120343.58219999999
-120174.23585387084
-92.40517597190049
-40119.89511775143
-100131.70235390068
-100137.7819441837
-100141.21304490876
-100141.82924804035
-120140.292158679
-120539.15
-120343.58219999999
-120174.23585387084
-92.40517597190049
-60128.81342501459
-120158.57933263434
-100129.18688204713
-100151.52899218442
-120137.32487103637
-80128.78941581742
-120539.15
-120343.58219999999
-120174.23585387084
-92.40517597190049
-20102.049323172963
-80157.97102958002
-100150.54905196317
-100134.9630692441
-100152.65017069728
-120163.78960614
-120539.15
-120343.58219999999
-120174.23585387084
-92.40517597190049
-40122.99843558736
-100165.97533776952
-120147.96132389581
-120135.59975238214
-120128.09369841976
-100120.65257405944
-120539.15
-120343.58219999999
-120174.23585387084
-92.40517597190049
-60145.31621842305
-60137.05795594844
-120160.37497436536
-120139.0561890589
-100131.49543872857
-100141.88205406778
-120539.15
-120343.58219999999
-120174.23585387084
-92.40517597190049
-40109.9065031647
-80126.57146079092
-100151.57544698083
-120157.85596955488
-120140.80404839598
-80133.23131502722
-120539.15
-120343.58219999999
-120174.23585387084
-92.40517597190049
-20102.722192067627
-60133.33068706226
-100143.7659216845
-120145.49656494567
-100131.17381558106
-100142.39926963445
-120539.15
-120343.58219999999
-120174.23585387084
-92.40517597190049
-40101.495624891104
-100168.34247104709
-100154.17841220116
-100168.34923744707
-120172.94222762552
-120158.05156563019
-120539.15
-120343.58219999999
-120174.23585387084
-92.40517597190049
-79.70686817915653
-100160.23985299066
-120134.83120632282
-120122.55151473457
-100115.14916555196
-60108.53502831335
-120539.15
-120343.58219999999
-120174.23585387084
-92.40517597190049
-60123.274653989654
-80119.39100578034
-80148.41206765836
-80136.79553191546
-120158.52881132097
-120140.30024291328
-120539.15
-120343.58219999999
-120174.23585387084
-92.40517597190049
-20114.79697346085
-120178.95952358437
-120139.8196026299
-120132.29774334002
-120124.84032935131
-80117.4467503614
-120539.15
-120343.58219999999
-120174.23585387084
-92.40517597190049
-75.0312788791013
-40106.39859524833
-60133.49973075428
-100151.48694459874
-100140.69866475488
-120138.0768283285
-120539.15
-120343.58219999999
-120174.23585387084
-92.40517597190049
-80150.10686431969
-100130.69239938437
-100141.2888946639
-120154.48933526932
-100137.54127842672
-120152.80676548123
-120539.15
-120343.58219999999
-120174.23585387084
-92.40517597190049
-60147.50542971244
-80144.57696583275
-100141.66338849202
-100151.04681089935
-100138.16104796347
-100159.45821564313
-120539.15
-120343.58219999999
-120174.23585387084
-92.40517597190049
-40119.708780681096
-60135.17182895445
-120159.93323681306
-120136.78767488629
-120129.28007767074
-100121.83715566323
-120539.15
-120343.58219999999
-120174.23585387084
-92.40517597190049
-40113.25079000045
-80131.07339758848
-80143.29294016579
-120163.37875840382
-120143.1603082504
-80135.58782580498
-120539.15
-120343.58219999999
-120174.23585387084
-92.40517597190049
-60124.36344986259
-60103.147816344426
-120149.58508372109
-80123.4339944433
-80162.8005229361
-100183.15696441788
-120539.15
-120343.58219999999
-120174.23585387084
-92.40517597190049
-20098.32081561384
-100185.31109054374
-100144.46517801718
-120153.93630173338
-120140.48398007298
-100132.95264312228
-120539.15
-120343.58219999999
-120174.23585387084
-92.40517597190049
-100181.91843432527
-100129.24451485788
-120133.75053589065
-120122.16560368545
-120114.77688850011
-80107.4519219671
-120539.15
-120343.58219999999
-120174.23585387084
-92.40517597190049
-20083.049362019403
-80126.70141013528
-120152.32348315982
-80127.72131877707
-120154.5373322879
-120135.84665871464
-120539.15
-120343.58219999999
-120174.23585387084
-92.40517597190049
-60123.41315255263
-100156.97516533759
-100152.13010537329
-120148.54998237803
-120137.07679198345
-80129.55590096129
-120539.15
-120343.58219999999
-120174.23585387084
-92.40517597190049
-60153.15637421711
-100145.17733820657
-100132.0155436665
-100128.11079657135
-120123.02765710626
-100114.28233783343
-120539.15
-120343.58219999999
-120174.23585387084
-92.40517597190049
-20112.05878565108
-80186.3183833265
-120191.19151931642
-120168.25342560334
-120160.47598966591
-120152.76579207351
-120539.15
-120343.58219999999
-120174.23585387084
-92.40517597190049
-40119.06541712849
-100153.47302202141
-120153.71887881443
-120136.58062312104
-80129.1007538785
-100136.4212765574
-120539.15
-120343.58219999999
-120174.23585387084
-92.40517597190049
-60129.93709372436
-80130.44744364188
-120160.88701900767
-120137.38869958161
-120129.87105472524
-80122.41833283257
-120539.15
-120343.58219999999
-120174.23585387084
-92.40517597190049
-40098.88404804115
-60108.56212829125
-100143.59319779623
-100145.17231503586
-100141.81771879208
-120160.35971817681
-120539.15
-120343.58219999999
-120174.23585387084
-92.40517597190049
-40106.04636754869
-100134.48145229326
-80128.18932045849
-100172.39327924703
-100164.8369241517
-120153.57041090741
-120539.15
-120343.58219999999
-120174.23585387084
-92.40517597190049
-60117.15745883076
-80126.11829568147
-100159.50820613348
-80134.46874292725
-100167.6714553786
-120162.0124415487
-120539.15
-120343.58219999999
-120174.23585387084
-92.40517597190049
-40107.271414899864
-80134.95870130933
-120141.55740140547
-100123.43823681505
-80126.68188960571
-120167.27970161974
-120539.15
-120343.58219999999
-120174.23585387084
-92.40517597190049
-20133.76393852265
-120168.12464133906
-80136.4487602271
-100142.58823501434
-120148.33255981654
-120135.04860947494
-120539.15
-120343.58219999999
-120174.23585387084
-92.40517597190049
-20108.908470600978
-120182.92628278429
-120141.38672907487
-100133.83449216704
-100152.26600866714
-100137.6495070655
-120539.15
-120343.58219999999
-120174.23585387084
-92.40517597190049
-20092.726778423774
-100174.83153270412
-120160.88806126615
-120144.2560560274
-120136.69495838654
-80129.1987158953
-120539.15
-120343.58219999999
-120174.23585387084
-92.40517597190049
-20088.753905447204
-80159.17327129828
-100154.67996397632
-120160.79400724423
-120145.26799074486
-120137.68009334253
-120539.15
-120343.58219999999
-120174.23585387084
-92.40517597190049
-80153.0019169981
-100135.40625488624
-120144.7540122221
-80128.83798799865
-120158.56183134117
-120138.91052639481
-120539.15
-120343.58219999999
-120174.23585387084
-92.40517597190049
-80157.68528657201
-100138.70100637441
-120149.24403140238
-120133.04150295211
-100125.5629225664
-100135.60867385655
-120539.15
-120343.58219999999
-120174.23585387084
-92.40517597190049
-40145.39144738476
-120166.90930607344
-120138.19791076003
-100130.68044093656
-120144.22778112524
-80129.88369131884
-120539.15
-120343.58219999999
-120174.23585387084
-92.40517597190049
-20110.81391649516
-80146.05238880498
-100166.275995959
-120165.05332978387
-100150.08371593416
-120161.93669499211
-120539.15
-120343.58219999999
-120174.23585387084
-92.40517597190049
-80148.29852644233
-80121.437072252
-120169.77311333278
-120142.49105136795
-100134.92765188197
-100128.69081424478
-120539.15
-120343.58219999999
-120174.23585387084
-92.40517597190049
-20093.857490055787
-120165.20936384771
-60126.23680263395
-120154.97084216881
-120135.6693746334
-100128.17942959539
-120539.15
-120343.58219999999
-120174.23585387084
-92.40517597190049
-60134.34522942053
-100129.57873159384
-120131.61274322696
-100117.56717128605
-100125.1299973843
-80136.75293724012
-120539.15
-120343.58219999999
-120174.23585387084
-92.40517597190049
-20110.522673388263
-120189.66621675724
-120146.25797356768
-120138.69854701505
-100131.20337335806
-100146.98688339553
-120539.15
-120343.58219999999
-120174.23585387084
-92.40517597190049
-40124.05594003852
-60133.570001555905
-100128.42005991317
-100122.7014317787
-80128.30575678706
-100141.26033460961
-120539.15
-120343.58219999999
-120174.23585387084
-92.40517597190049
-40110.79070449565
-100148.78993995086
-120148.97501433146
-100131.83091226584
-120154.84194135267
-60137.389092712576
