states: location[$x],states: location[$y]
0.0,0.9513087566589608
0.0,1.5452590712829788
0.0,1.8171825103611443
0.5086287113362208,2.423817247888234
0.9003754891117349,1.7661566381020086
1.1896523300371102,2.7661566381020086
2.121989274103118,3.5183015195537877
2.81351130599272,3.9269360000295315
3.5868054188450404,4.286438960109487
3.432660979147863,4.804056175506377
3.748669526036715,5.6040561755063765
4.149609458133912,5.66960199774269
0.0,0.0
0.0,0.20536872408544948
0.18057470186052094,0.5203264983506529
0.49629350781761394,0.11148950294626403
0.49629350781761394,0.6372046132047394
0.7411172204010932,1.53724038817523
0.9520034473497268,0.6434934698260018
0.8022350123501886,0.748134820400698
1.5100497938801634,0.748134820400698
1.9633608383517034,0.569995320343279
1.9633608383517034,1.2411888809551122
2.5299066024095476,1.2411888809551122
0.9538059044419909,0.7157911935926566
1.7442460681295837,0.07985555562552937
2.5767144273159275,0.5370972859214684
3.0726778941506763,1.1928246455630085
3.7172569012470467,1.7049154074551027
4.717256901247047,1.370066694131064
4.39733712790789,1.2568325801155233
4.281001156183109,1.4202729718146077
4.281001156183109,1.7644200355840574
3.6366064582217428,2.2543321992644243
4.426519960382822,1.551234632733647
4.902646898397145,2.1753794156380653
0.34305234814608343,0.0
1.2182834979945574,0.5679227590956408
0.42490781819694123,0.011245850862691364
0.5549651539405365,0.0
0.9146768121601523,0.01857042579731405
1.9146768121601523,0.0
2.091884504831669,0.0
1.3304255732012213,0.0
1.6420704452368118,0.0
1.8104763961230101,0.0
2.7939930484227204,0.49944058552563425
2.6403075531397993,0.48274166980371996
0.7746126497650544,0.5281405153930566
0.0,0.7220993013706205
0.26648749302190783,1.4567928420303948
0.9419364547657645,2.084081174755327
0.4351143520719223,2.944712534930856
0.9049628949644494,2.7621713076337295
1.2885568805083585,2.6427472063470763
1.6367359761678462,3.2704707398216404
1.7811510890120517,3.3161978630448656
2.1660930436672317,3.3161978630448656
2.7329527248666023,3.3161978630448656
3.361644997516218,4.008512846866407
0.0,0.0
0.3228324933471455,0.5277047254147923
0.5789070693284328,1.0803784569740487
0.7404121511545192,1.0803784569740487
0.9249154342176613,1.964638472791405
0.9249154342176613,2.457696331789863
1.6980211670028413,3.0912092617844533
1.6801921474806478,3.5646741312947436
1.6801921474806478,4.2881421562466535
2.507710242812644,4.408599449626784
3.2349564444771572,5.081223998033471
4.004318245513708,5.218114491817952
1.0,0.0
1.4447369019783967,1.0
1.4447369019783967,1.0
2.150651707371286,1.7537732813522109
2.150651707371286,1.9722092802438147
2.988316965989498,2.100271128539551
3.452229973057916,1.59490642204068
4.06183804006625,2.156286589445197
4.348608497896235,2.512023252985479
5.280446286397179,3.336653923206347
5.280446286397179,3.331525343320379
5.32321452168104,3.4456993214368046
0.5925124538140051,0.3361942675475208
0.9306236115296298,1.1194823365705155
1.4925627624139726,1.7968882534595318
1.2828355760580488,2.4729815273790186
2.0889192137480266,2.6522801458613143
2.134775657939092,3.595528234645184
1.723065068453114,4.552235451476339
2.133882968450945,5.455422854294884
2.5741084992836747,5.455422854294884
2.787401281932726,5.689271450463538
3.1998218605999647,6.235556514502594
3.729438537278871,6.77117429566043
0.4794467319719456,0.0
0.9548231683898274,0.3211554777208434
1.2900823630377567,1.0328463024362473
2.0946301016563877,1.0357798861505563
2.3266881757788895,1.2338871087233056
2.875470046963538,1.2338871087233056
3.68453909263655,1.5849545171756079
3.8795995194690986,1.9087353588162004
4.628706287773405,2.341958959948386
3.764644914754527,3.040045181073014
4.098986080622043,4.019673851609473
4.098986080622043,4.019673851609473
0.425353562195215,0.0
0.425353562195215,0.14728488413483903
1.046812635617012,0.9354689369473528
1.046812635617012,1.5639502495291928
1.0435373225351976,1.9984044123259679
1.619879820142361,2.507970526038294
1.451134796990963,2.9786201809131043
1.244910291456377,3.578857100262451
0.28103716040686133,4.578857100262451
1.1156038192329525,5.437532174424169
0.8879547149327374,6.346641828867655
0.8879547149327374,6.346641828867655
0.08393067757564104,0.8594782805266465
0.0,0.8594782805266465
0.25431038853496424,0.8594782805266465
0.98326335787688,1.0637358693118952
1.2826983635489664,0.7192290959943732
1.6176289263339034,1.056208937737774
1.6176289263339034,1.9484140002650885
2.151775199982454,2.393938324983205
2.5505138316865557,2.393938324983205
3.2067011609477554,2.4860882621016915
3.6889137824773104,3.338505311686142
4.164741032462459,3.338505311686142
0.36306588556281183,0.4185149061557367
0.9638848576884447,0.4185149061557367
0.9638848576884447,0.4097728262736221
1.7864732226355433,0.7047837964763405
2.2257422527852793,0.7047837964763405
3.1621193683651407,1.260173858308125
3.6370729948038556,1.8180804825009544
4.227386785233335,1.8633197946533713
4.794660982370511,2.4435919147985103
5.419799557209297,3.4435919147985103
5.792764075513464,4.0437415176507745
6.477898342917784,3.990844912988991
0.7142018603049531,0.4446102537194838
0.9341553982047706,1.4446102537194838
0.31480687882334113,2.405496280523442
0.6592141384298353,3.2759384711379673
0.0,3.2759384711379673
0.40955448105073844,3.7915234004092255
0.40955448105073844,3.901705158953238
1.2573939527164342,3.901705158953238
1.1244547246781817,4.1037162565058365
0.30277992418117283,3.863102966988598
0.5862937764396635,4.635760685740614
1.074758904370985,3.777470297232041
0.0,0.4999212828348331
0.4823289541642308,0.772324314969729
0.9617918308692295,1.2360499456873044
1.2319415557044138,1.8427945848058251
0.7656991409348617,2.2385832257073552
1.1862619480292438,2.4670993086173474
1.4810145799699526,1.8526834170417208
2.0224561401276473,2.0517650361290922
2.9214506974258017,2.529659738298239
2.6680306647604857,2.529659738298239
3.2350606050843354,3.504946331863068
3.853238371825375,3.7554357199447295
0.0,0.7781618195064286
1.0,0.06515833412629024
1.2387581492707564,1.0651583341262902
1.2387581492707564,1.847752913019601
1.3167785912135024,2.2405467026711565
1.8616953720764697,2.531872048831753
2.0518310199574,3.1608151612498543
2.3436153421614137,3.8876806008670592
2.8679548546432514,4.504466933162361
3.41982060218455,5.367540156484371
3.7433114899087436,5.367540156484371
4.34526665584168,5.367540156484371
0.5019342830944604,0.3854999748871325
0.5019342830944604,0.3854999748871325
0.0,0.2722163315849495
0.7729868733297449,1.1785482943864622
1.371421174833477,1.8076461458336546
2.2643870563201682,2.8076461458336546
2.936808044661266,2.680094210188216
3.3036033049627975,2.814794501269662
2.354615219326722,3.426560709976171
3.0370927376307604,4.010693972276305
3.49665464859055,4.010693972276305
4.029898778895232,4.010693972276305
0.36610881612447677,0.34132604616180884
0.9533426820280483,0.8018860608277179
1.3731577787659228,1.1536665584772021
2.1393038428307323,2.1218277525307228
2.8082407036590737,2.815350957612419
1.9101879306304894,3.0380075040896046
1.9101879306304894,3.502546040140615
0.9930674268302839,4.240971941907011
1.4560175940533469,4.661174989301797
2.2797643095030544,4.858575575740556
2.273981678864469,5.719512697086702
2.52027615448522,6.467734940405501
0.6908314132524884,0.7597665341950559
1.2116788669681668,0.9197398566468324
1.687637785705169,1.0372647481560529
2.118733000558602,1.2524667141724524
1.9762631144387486,2.2524667141724524
1.6748463949626884,1.9829168071944545
1.90080427778609,2.5220520340481443
2.3541890901347853,1.8369966675338294
2.1444059293665103,1.952121705400018
2.915681822566807,2.3403715310691746
3.4254056352089672,2.3403715310691746
2.9489126790209435,3.339796415704418
1.0,0.0
1.9923004830496684,0.6495347884662281
2.6076692185837493,1.1715578567135223
2.249566986928225,1.3021530306143867
2.3838503924593932,1.4311839794989354
2.832071319942215,0.6786657924445041
2.832071319942215,1.4742646774724746
3.771531372209495,1.4742646774724746
3.880788753028659,1.6899986320955511
3.9957240507114777,1.6899986320955511
4.3253907724138685,1.8746455393239416
4.811388813409347,1.1679158751356726
0.0,0.9175604161747097
0.47905128402159014,1.0603729007850038
1.3607626350711926,1.6867194132147003
2.2508999379187737,2.4752230239588906
3.239277734227034,3.1297788539447113
3.8202927373788675,3.971693858465807
3.7997163236519174,3.486240039158286
3.6011590512899163,3.6657157900447066
4.1289551215056495,2.867720829022768
4.115445163129771,2.4242066778509623
4.297593286214618,2.4242066778509623
4.988361554951534,3.146939768615611
0.6384182875486852,0.47220275766190695
1.1270754605841966,1.472202757661907
1.805227124510654,1.9872062250022915
2.418943145322761,2.483798651268514
3.198338788512447,2.483798651268514
3.9367314786033396,1.7784898968031728
4.428796650851009,2.4614821335614234
4.735747091790895,2.668713192230611
5.121174141463872,3.063379357263188
5.121174141463872,3.605385088659536
5.121174141463872,4.037098357844723
5.391288463252322,4.099796551540242
0.0,0.45385148664312847
0.0,1.3371240537754092
0.5604208294994925,1.9781814395917192
1.2513790901822102,2.301020803072573
1.2513790901822102,2.301020803072573
1.9289008403768695,2.301020803072573
2.3430335264912765,3.107296597393062
2.6702794876809115,2.9896278038079456
3.593349481125304,3.1853378285427367
3.819071740933479,3.439561928576456
4.5374734254797495,4.33922207991603
4.5374734254797495,4.403004916663421
0.0,0.7282509256939845
0.0,1.0295267350845476
0.0,0.16631318360277958
0.23698677314785999,0.16631318360277958
0.43810588111791315,0.22084473556396994
0.6952655527222698,1.0989229796119588
0.6952655527222698,0.9873100996935287
0.24539357424223285,1.492296043926249
0.45237754038386346,1.749781559876359
0.8878079657814075,1.7541613051070137
1.8878079657814075,2.3205633949178863
2.6567544472349365,2.249462110867809
0.0,0.8426568955159219
0.22806988550526308,0.865137185751149
0.33704330897658935,1.7471955349446087
0.0,1.3959576134106535
0.0,1.3959576134106535
0.8169027403675561,1.096227068158734
1.3137671806524311,1.598310484425503
2.0303172496424953,1.4806447263707947
2.6424274691107708,2.0571644897089367
3.3081168227844553,2.266839484838178
3.8696219656831117,2.760378104591573
4.363978820617121,2.508923571995256
0.0,1.0
0.0,0.8618930669700966
0.4793957541320821,1.1064308814237283
1.2124412465933516,1.1064308814237283
0.5747834161151413,1.2635181146575434
1.0840876364410104,1.6999393825977989
1.689666455535412,2.052546671520777
1.7456211388957084,1.225776148355918
1.7661807974379886,2.225776148355918
1.8222396325728065,2.493609967907629
2.24352724247778,2.493609967907629
2.942110089747137,3.351717391534577
0.0,0.5592534370360539
0.0,1.193512963424662
0.8678273340547797,2.135678408926611
1.319156673971475,1.7440231653405691
1.930791173674634,2.4460821302213933
1.930791173674634,3.229517763116995
2.930791173674634,3.555454301667896
3.8455437622978748,3.7160221804653646
4.607310431155619,4.249679026110182
4.8701616886937416,4.044292781591026
5.176094275130591,3.8071016328890175
5.62413363226182,4.280577255031254
0.0,0.6397820824576106
0.0,0.7683553598542476
0.6773864566256746,0.7683553598542476
1.1161964920572114,1.4774511972031212
1.1161964920572114,1.8189625641510987
1.54272047543826,2.228584710874803
1.54272047543826,2.952706979142213
1.9497444048725523,3.454415933500928
2.2120282785868977,3.223777149977585
2.7541762815480606,4.061347940138426
3.260060530174523,5.061347940138426
3.6362671008103082,5.061347940138426
0.0,0.7080494682594076
0.0,0.7080494682594076
0.7678418216918632,1.5354749417735496
1.5873130558838577,2.285549736523218
1.7642351142529127,2.603490502157167
1.3294432042647486,2.603490502157167
1.884500853281328,2.7604945283807734
1.0220042793742872,2.585749358930504
1.0220042793742872,3.1885552414162444
2.004878769068239,3.7662389872042836
2.05565502371108,3.0868313122971482
2.3041558812251646,3.587367782110351
0.8496755512379346,0.17483044722908692
1.7276720421836143,0.570472120298009
2.6539446671911557,1.0288601365533636
2.7069314161626314,1.293972706462301
3.5169087746716015,1.5772075645213528
3.8811027813885026,1.8888447735047253
4.494128786998774,2.542300615033654
4.494128786998774,3.542300615033654
4.494128786998774,3.7327717999940466
5.00117751766695,3.4887106528694796
4.636756520122972,3.3013915426920177
4.9197205827113875,2.3990437000136424
0.15457201409050758,0.2526320429490176
0.0,0.8605609594524328
0.24590395980028673,1.1391589001315194
0.10103794298489993,0.3472716381225356
0.5625135511341188,0.0
1.0969860432345715,0.37610700285257914
1.8427383435989757,0.6188990573392956
2.69446500154534,0.4637629137290662
3.2330193077993234,1.113219328199351
3.4856726291852422,1.5727213873457064
4.06716046108572,1.3756876493139694
4.373518334726996,1.769227090077845
0.11453417503458774,0.1243651906139045
1.1008768250676595,0.6148955155673221
1.9705331461403666,0.21407939408759002
2.6526721007872567,0.09516743362477098
3.172125837527473,0.8945011245123112
3.7019234490458164,1.342889873407131
3.5015576504934653,2.289455847936619
3.5015576504934653,2.772884424694002
2.548640306685174,2.772884424694002
2.548640306685174,3.5125061907961674
3.1797589638544284,3.763744235579023
3.6282205646801278,3.763744235579023
0.6841618009661318,0.46513739412798794
0.6841618009661318,0.0
1.2962111701570214,0.6138798298515329
0.7471037570304768,0.7488851331868305
1.588046759165153,1.2579585722287678
2.3720715916958235,0.940708351120392
3.127021568089442,1.4847297752191162
3.2379870673883118,1.7806962390580212
3.877998940850403,1.7806962390580212
4.054369633542672,2.279728867083825
4.878051233920375,2.419893493875021
5.338497939807446,2.815354702285908
0.0696160108569206,0.8503241848575371
0.0696160108569206,0.8503241848575371
0.6134307738112537,0.8503241848575371
0.9718686133509025,1.0553245292486289
1.180590702832099,1.0553245292486289
1.8118727925978004,0.16537789318008222
2.519436684233982,0.16537789318008222
1.6150485983859115,0.4726114899050934
2.4169804731745015,0.7726441950079935
2.920923132685239,1.09517865853234
3.6292879180730777,1.631392038056276
4.236349004528317,2.0536503484825603
0.0,0.0
0.07664265959572891,0.18027900510973094
0.13057756877580562,0.18027900510973094
0.25129386654200886,0.00685823600967117
0.8512226026986571,0.15940719644859264
1.3412200382364272,0.4898221756786278
2.131819410823505,1.0792094525932021
2.2128894317736063,1.8250115302993675
2.800939116015667,1.4646404085384752
3.07590547898006,2.1115128528904745
3.57081329230809,2.4735165560059365
3.921285514040523,3.4485448105515224
0.60493002943968,0.5053931029503891
1.1538222088526693,0.0
1.598042534625311,0.0
1.1314405470986595,0.5836005592885711
1.882003967424646,1.1024291286460515
1.4598201627680465,1.160632398053159
2.056154559081206,1.5102592354293336
1.5506663024162632,2.4593793895970517
2.2125067072015057,3.2694410178640188
2.516916817674036,3.0916563633465786
1.9020152366719356,2.6013340935148177
2.5375139539617635,2.576604874460323
0.9104570032823573,0.6296616129340833
1.725227194037327,1.2310158348580362
1.8655802732755815,2.2170534037294285
2.1244370278842797,2.368748411789436
2.8126802234672503,3.143473950874656
2.276591997239357,3.941745082174196
2.27125848029842,4.429590008198025
2.57453285771603,4.752921131142913
3.503658064469702,5.414048086712959
3.1567822440534017,6.197884571451242
4.132999241578274,5.730388153079024
3.854229763299162,6.1265835272942795
1.0,0.2143396556055146
1.34872166245711,0.5710094904848587
1.7011653872661125,1.131164370852939
1.8498184327321636,0.9744701672816944
1.619605091338437,1.3388411186273643
1.9432347392016605,1.8456200394578104
1.9432347392016605,2.0965641686254233
2.632371124972302,2.234673784182825
2.592512752662979,2.385236576861705
2.592512752662979,3.385236576861705
3.4765068275055,4.132593806160233
4.1740492407739405,4.553973180403894
0.46841017242675115,0.49763266918793114
0.7710652105085987,0.49763266918793114
1.6625516639405544,0.9912738252578448
2.3654631311410466,1.4778474903825884
2.9040759348113934,2.2305658551792527
3.3031809098048965,2.581269848395316
3.6869725487633076,2.7479237591113344
4.115589983520305,2.436009768797823
4.6203279692605905,3.1954990045459715
4.6203279692605905,3.3383036705247684
5.2381394183292995,3.2727637788266555
5.391362293430983,3.6456374093177524
0.6916161128877187,0.22435708824763462
0.6916161128877187,0.995338434672052
1.2372204876947923,1.8961678229244305
1.8591720680643822,2.0683874534758564
2.824060458556021,2.3978213749112527
3.824060458556021,2.9358971404153165
2.849134353104005,3.4949148494198536
3.171148568231813,3.9556357715248818
3.875978736829031,4.879477917770158
3.875978736829031,5.052210033413003
3.9809391345519787,5.129863577253056
4.015288822756904,5.341001813389089
0.7351212450196436,0.5238751597620427
1.0598872844763352,1.209289140736395
1.2033401258083007,1.1095301490458234
1.2033401258083007,1.8126473335639617
0.7145975671062346,2.406231890131133
0.7145975671062346,3.1593725240668067
1.224857248061217,3.7214388710235586
1.2061394186699044,4.619326680377625
0.7136195456740715,5.494755703676262
0.6238750685687926,5.693077885824652
0.5379978858586388,6.365222583391142
0.0,6.89949083423906
0.004136803257347443,0.5418524160404992
0.004136803257347443,0.11089731768631128
0.29843348826096927,0.5559895537532342
0.5202436302407974,0.8170390773980829
0.46370014202647936,1.4617941454718213
0.5699997483596797,1.4617941454718213
0.8890998292004368,1.9185961985905156
1.126669300655668,2.854792235502543
2.051425005710117,3.3914226767555418
2.399053371602706,4.234541731728852
2.3745320901856033,4.530867629807935
2.9856257800379766,5.272128312542149
0.2286738685836358,0.027154604795724513
0.5810729648421473,0.5866687663416134
0.7527363314914741,0.7195158615187978
0.08101379842261269,1.4892077440992146
0.9838628933404905,2.2842171661259645
0.6691341178086212,2.5606167490431835
0.6143584726110928,3.2047290601652936
0.5001140222185321,3.9923518922305385
0.07638203248423592,4.716328051627243
0.5778798754108436,5.323417134726037
1.4568410170971533,6.20946788563187
0.8517543601916349,7.1401339910187405
0.856859835484981,0.10644173924760109
0.856859835484981,0.447756685504519
1.1265501255199966,0.447756685504519
1.262031638360833,0.6016872409430063
1.262031638360833,0.6016872409430063
1.262031638360833,1.3333055513683778
2.156005854630028,2.1275447468396287
2.189623800325617,2.98782154916605
2.512600006847829,3.6872995491499285
1.5133423702650404,3.869927691386516
2.168525159820806,4.274743244321811
2.5967096324861973,4.858997311445582
0.0,0.927261985695881
0.5978458186415149,1.4615585378812535
0.7788204086539807,2.3013253760353645
1.635825058896299,3.3013253760353645
1.9642997385348333,3.97079487770383
2.655540190276423,4.28005407563185
2.818886643601791,4.828126108062123
3.654550368976845,5.068308565550172
4.000009997449198,5.550951824612994
4.276748063593031,5.867178234565411
4.7881903230828,6.1498601211815185
4.908598268519904,6.38985801577968
0.37545279933699466,0.7759157635769582
1.1094423147458963,1.4015280625186883
1.1094423147458963,2.307238797576046
1.5767393620175283,3.025710218206296
2.2663297477646,3.2531216231973823
2.247597854420265,3.972811091097931
2.247597854420265,4.947392583652798
2.247597854420265,5.423807998024552
2.620499937751614,4.486394106491191
3.091442418878528,4.797053145982424
2.621365658293195,5.165312783040725
2.0009036239369156,5.657135555656957
0.1123627213055064,0.8705452906734699
0.12114806071337514,0.8289413098439524
0.2906984035360089,0.8040288304055314
0.2906984035360089,1.5324167078842779
0.5737568195359835,2.4339897338326493
0.21597186254046452,2.6601341372052913
0.0,3.270470665630839
0.9085407716492185,3.270470665630839
0.9085407716492185,4.057847752567322
0.9108691861391597,4.755334606994156
1.5044180370213707,5.186707394486546
2.5044180370213707,6.030013005224729
0.6250686595405721,1.0
0.6250686595405721,0.8180168410627497
1.1903891950410412,0.6266980124637629
2.1903891950410412,1.056149157137996
3.0061982991854865,1.118247630837569
3.2481680750321216,1.6339793507361082
3.5176404178476126,2.0117668877388772
3.132775648738088,3.008092959984046
3.065624288584808,3.8802177283270067
3.792893623338613,4.021006192752994
3.956155355084573,4.631262409751613
3.742265439369501,4.790399589565106
0.0,0.32427886958590174
0.32925339052688174,0.32427886958590174
0.3886637077176856,1.3185879060391057
0.7733585371314489,1.7468262550310247
0.4942502870640524,1.6174046798198392
0.8884119143949342,1.6174046798198392
1.0674699951893185,1.1403535287951654
1.1013048943174546,1.1403535287951654
1.1013048943174546,1.9110438316413558
1.184639144857646,2.0268680054134003
1.455860010756809,2.152376329035817
2.193547333265761,2.8168108556578098
0.3234516551221057,0.47436526541261465
0.7725737929648938,1.1854513542571574
0.7725737929648938,0.6067511092606521
1.438284764239395,0.12772823287198354
1.432729658423876,0.16376463174403255
1.8989734086607002,0.0
1.8989734086607002,0.5069528270419119
2.1957869612510583,1.2376427586227865
2.940723607341356,1.2634483952858588
3.61342464901323,1.8766772519770996
3.5029272723799,2.8328151627072895
2.8952856914221767,3.3897744768891527
0.5050163668327962,0.6531392274348541
0.350497114805152,0.6531392274348541
0.9592012004976967,0.6531392274348541
1.594768677065633,0.49691329593128175
1.695232000931398,0.7885655457905814
2.280194721199964,0.0
2.280194721199964,0.0
1.3805888552559091,0.29142375775178847
2.107786328705827,1.217433771395267
2.4398536024053294,1.452818300434765
3.194584206959127,0.6153088645864857
2.4964762053276237,1.5959076359576088
