Reward
-16.0
-15.04869124334104
-14.45474092871702
-14.182817489638856
-13.067554040775544
-13.333467872786256
-12.04419103186088
-10.359709206343094
-9.25955269397775
-8.126755621045472
-7.76328284534576
-6.647274298456908
-16.0
-16.0
-15.79463127591455
-15.299098799788826
-15.392216989236122
-14.866501878977648
-13.721642391423678
-14.404503082824272
-14.449630167249113
-13.74181538571914
-13.466643841305018
-12.795450280693185
-16.0
-14.330402901965353
-14.175898376244886
-12.886188286762604
-11.734497460286317
-10.577827691297852
-9.91267640462189
-10.345830291976586
-10.298725872002283
-9.954578808232833
-10.109061342513833
-10.022245406883531
-16.0
-15.656947651853915
-14.213793742909802
-15.563846330940368
-15.445034846059464
-15.066752762042533
-14.085323187839847
-13.908115495168332
-14.669574426798778
-14.357929554763189
-14.189523603876989
-12.706566366051646
-16.0
-14.697246834841888
-15.277900698629379
-14.276719664947699
-12.973982370478907
-12.620173112997222
-12.332865797401821
-12.068695913144566
-11.092793284010515
-10.902651047943083
-10.517709093287902
-9.950849412088532
-16.0
-16.0
-15.149462781238062
-14.340714473697519
-14.179209391871431
-13.110446092990934
-12.617388233992475
-11.210769571212705
-10.755133721224608
-10.031665696272698
-9.083690307560571
-7.683819557489372
-16.0
-15.0
-13.555263098021603
-13.555263098021603
-12.095575011276503
-11.877139012384898
-10.911411905470953
-10.952863604901404
-9.781875370488553
-9.139368249118286
-7.382899790396474
-7.388028370282441
-16.0
-15.071293278638475
-13.949894051899856
-12.710548984126497
-12.244182896562933
-11.25880064039066
-10.269696107415724
-9.724699480070548
-8.410694177254172
-7.970468646421441
-7.523327267603736
-6.564621624897441
-16.0
-15.520553268028054
-14.724021353889329
-13.677071334525996
-12.869590012193056
-12.439424715497806
-11.890642844313156
-10.730506390187841
-10.211665121714702
-9.02933475227821
-9.19530990417246
-7.881340067768484
-16.0
-15.574646437804784
-15.427361553669947
-14.017718427435636
-13.389237114853795
-12.958058265138835
-11.872149653819346
-11.570245022095932
-11.176232608281172
-11.140105739330687
-9.446864006342878
-8.765403456199607
-16.0
-15.056591041897711
-15.140521719473353
-14.886211330938389
-13.953000772811226
-13.99807254045666
-13.326162135928323
-12.433957073401007
-11.45428647503434
-11.055547843330238
-10.307210576950553
-8.972580905836548
-16.0
-15.21841920828145
-14.617600236155818
-14.626342316037933
-13.508742980888115
-13.06947395073838
-11.577706773326735
-10.54484652269519
-9.909293420113293
-8.761747102830979
-7.136608527992193
-6.1634944068357616
-16.0
-14.841187885975563
-13.621234348075745
-13.279696840653216
-12.064847390432197
-12.724061528862032
-11.798922118540036
-11.688740359996023
-10.840900888330328
-10.771829018815982
-11.83411710883023
-10.777945537819722
-16.0
-15.500078717165167
-14.74534673086604
-13.802158223443467
-12.92526385948976
-12.995717633357783
-12.34663874335341
-12.666302002988326
-11.925778823743261
-10.54888956427596
-10.802309596941274
-9.259993063052598
-16.0
-15.22183818049357
-14.934841665873709
-13.696083516602954
-12.913488937709642
-12.44267470611534
-11.606432579091777
-10.787353818792745
-9.768704056971528
-8.627578212194388
-7.212639241331079
-6.889148353606886
-16.0
-15.112565742018408
-15.112565742018408
-15.72778366841505
-14.048464832283793
-12.820932679332868
-10.927966797846178
-10.383097745150518
-9.881602193767542
-10.218824070697107
-8.952213290092935
-8.492651379133147
-16.0
-15.292565137713714
-14.244771257144233
-13.473175662756876
-11.738868404638545
-10.376408338728506
-11.051804565279905
-10.587266029228896
-10.765960631262704
-9.882807416644855
-8.86166011475639
-8.006505624048827
-16.0
-14.549402052552455
-13.868581276385001
-13.275097466138778
-12.628800285268944
-11.7712701713888
-12.342236797842856
-11.577143688165766
-11.808814242331387
-11.903472365233473
-10.74394664636402
-10.234222833721859
-16.0
-15.0
-13.358164728484104
-12.220772924702729
-12.44827998245739
-12.18496562804167
-12.48926288761328
-11.693664002585312
-10.754203950318031
-10.42921261487579
-10.314277317192971
-9.79996368826219
-16.0
-15.082439583825291
-14.460575815193405
-12.952517951714107
-11.273877038122336
-9.630943411828255
-8.208013404155325
-8.714043637189796
-8.733125158665377
-9.003324049471583
-9.460348159019265
-9.278200035934418
-16.0
-14.889378954789407
-13.400721781753898
-12.207566650487056
-11.097258203408725
-10.317862560219039
-10.284778624593487
-9.109721215587568
-8.595539715978495
-7.81544650127294
-7.273440769876592
-6.841727500691405
-16.0
-15.546148513356872
-14.662875946224592
-13.46139773090879
-12.447600106745217
-12.447600106745217
-11.770078356550558
-10.549669876115662
-10.340092708511143
-9.22131269033196
-8.741366330490065
-7.123304494604221
-16.0
-15.271749074306015
-14.970473264915451
-15.83368681639722
-15.59670004324936
-15.341049383318117
-14.205811467665772
-14.3174243475842
-14.262310381831519
-13.797840899739779
-13.35803072911158
-11.791628639300706
-16.0
-15.157343104484077
-14.906792928743588
-13.915761156078801
-14.604042386589347
-14.604042386589347
-14.08687019147371
-13.087922334922066
-12.48903802398671
-11.300408041180292
-10.425043692377367
-9.369999929725315
-16.0
-15.0
-15.138106933029903
-14.414173364444189
-13.68112787198292
-14.161698469227314
-13.21597298096119
-12.25778687294381
-13.028602712748373
-12.008043054206095
-11.684150399519565
-11.26286278961459
-16.0
-15.440746562963946
-14.806487036575337
-12.99649425701861
-12.936820160687954
-11.623126696103974
-10.83969106320837
-9.51375452465747
-8.438434057236762
-7.143010542734199
-7.085545529715232
-7.016804091980392
-16.0
-15.36021791754239
-15.231644640145753
-14.554258183520078
-13.406352310739667
-13.06484094379169
-12.228694813686936
-11.504572545419526
-10.59583966162652
-10.564194571435518
-9.184475778313512
-7.678591529687051
-16.0
-15.291950531740593
-15.291950531740593
-13.696683236534586
-12.127137207592924
-11.632274383589921
-12.067066293578085
-11.355004618337897
-12.392246361695209
-11.789440479209468
-10.228882243727476
-10.85751366399177
-16.0
-14.97549400153298
-13.701855837518377
-12.31719519625548
-11.999095877375067
-10.905883660807046
-10.230052445106772
-8.963570597967573
-7.963570597967573
-7.77309941300718
-7.51011182946357
-8.06185193718501
-16.0
-15.592795942960475
-15.139439040547568
-14.614937140068193
-15.551690418892566
-15.437486448865881
-14.52690695391285
-13.538362599061728
-12.841772084725594
-11.653761364001326
-10.941605983469053
-10.557151889600311
-16.0
-15.761100634351507
-14.284227659365019
-13.815387459772044
-13.252160465587973
-11.933373037960216
-10.955186677547053
-10.208986501569916
-9.725557924812533
-10.678475268620824
-9.938853502518658
-9.05649680056655
-16.0
-14.85070080490588
-15.315838199033868
-14.089908999991446
-14.504011109782693
-13.153994668606078
-12.687220057183785
-11.388248656691442
-10.981316693553666
-10.341304820091576
-9.665901499373502
-8.702055272204603
-16.0
-15.080059804285543
-15.080059804285543
-14.53624504133121
-13.97280685740047
-13.764084767919272
-14.022749314222118
-13.315185422585936
-13.912339911708996
-12.810375331817506
-11.98389820878242
-10.739320043870645
-16.0
-16.0
-15.743078335294541
-15.689143426114462
-15.74184789744832
-14.98937020085275
-14.168957786084945
-12.788971136583292
-11.962099037927027
-11.734420475445859
-10.812581668129466
-9.955670151685974
-16.0
-14.88967686760993
-14.84617779114733
-14.40195746537469
-14.28495889361277
-13.015566903929303
-13.379547439178793
-12.433586205489462
-11.989954307986686
-10.518052274934476
-10.391426818979387
-11.496650669813246
-16.0
-14.459881383783559
-13.043756971104637
-11.91736632299499
-11.506814560326283
-10.043845825658094
-9.781662920586447
-9.299151511503556
-8.672546011141058
-7.082293848817339
-6.645333184495357
-6.136612605342703
-16.0
-14.785660344394486
-14.080268847058031
-13.167670241880948
-13.175711399986142
-13.041553790034198
-12.21114522134053
-11.960201092172916
-11.132955090844874
-11.022250670475316
-10.022250670475316
-8.390899366334267
-16.0
-15.033957158385316
-14.73130212030347
-13.3461745108016
-12.156689378476365
-10.865358210009354
-10.115549241799787
-9.565103692125358
-9.448400247681871
-8.184173026193438
-8.04136836021464
-7.4890968028440446
-16.0
-15.084026798864647
-14.31304545244023
-12.866611689380777
-12.072440478459761
-10.778118166532726
-9.240042401028663
-9.655950797476141
-8.873215660243305
-7.24454334540081
-7.071811229757966
-6.889197288194965
-16.0
-14.741003595218313
-13.73082357478727
-13.687129725145876
-12.984012540627738
-12.879170542762633
-12.126029908826958
-11.053703880915226
-10.17453390095247
-9.791624750649667
-9.683047045606557
-9.096779530750219
-16.0
-15.454010780702152
-15.884965879056342
-15.145576957985796
-14.662717292361119
-14.074505712501699
-13.968206106168498
-13.192303972209046
-12.01853846384179
-10.557152317534342
-9.366404896668442
-9.09460028000646
-16.0
-15.74417152662064
-14.83225826881624
-14.527747806989728
-14.429778457478172
-12.731919940533544
-12.770249133148194
-12.180912467223614
-11.50753408555093
-11.20728991588852
-10.09870298986312
-8.333691097270977
-16.0
-15.036698425267417
-14.6953834790105
-14.425693188975485
-14.136281120696161
-14.136281120696161
-13.40466281027079
-11.716449398530344
-10.822554650508334
-9.800100444002243
-10.616729938348442
-9.556731595857382
-16.0
-15.072738014304118
-13.94059564347723
-12.919854215310654
-11.062849565068337
-10.064905383761335
-9.064405734091729
-8.352987248336085
-7.277141065472983
-6.449038177937807
-5.8560737018415585
-5.061949555735682
-16.0
-14.848631437086047
-13.489029622735416
-12.583318887678058
-11.397550419776175
-10.480548629038019
-9.779591054481804
-8.805009561926937
-8.328594147555183
-8.893105955757196
-8.111504435139047
-8.213321558666081
-16.0
-15.017091988021024
-15.049910629442671
-14.90527276605846
-14.176884888579714
-12.992253446631366
-13.123894000254243
-12.729529334369161
-11.820988562719943
-11.03361147578346
-10.333796206866683
-9.308874568492083
-16.0
-14.374931340459428
-14.556914499396678
-14.182912792495197
-12.753461647820963
-11.875554069976944
-11.117852574231769
-10.47059269441351
-9.859131391277867
-9.054157983088185
-8.186100183908394
-7.412582235163814
-16.0
-15.675721130414098
-15.346467739887217
-14.292748386243208
-13.479815207837527
-13.888345033116108
-13.494183405785225
-13.792176476015516
-13.75834157688738
-12.98765127404119
-12.788492849728954
-12.391763660207374
-16.0
-15.20218307946528
-14.041974852777948
-14.620675097774454
-14.433987002888621
-14.403505709832093
-14.1010265913393
-13.594073764297388
-12.566570280126154
-11.795827997372786
-10.509898099009671
-9.66425756491281
-16.0
-14.841844405732349
-14.996363657759993
-14.387659572067449
-13.908318027003086
-13.516202453278021
-13.719805278800036
-13.719805278800036
-14.327987386992302
-12.674779899898905
-12.107328097159906
-12.190106928454387
