action: move[$x],action: move[$y],states: location[$x],states: location[$y]
0.0,0.9513087566589608,0.0,0.0
-0.5629046501555006,0.593950314624018,0.0,0.9513087566589608
-0.6691199113033561,0.27192343907816546,0.0,1.5452590712829788
0.5086287113362208,0.60663473752709,0.0,1.8171825103611443
0.39174677777551414,-0.6576606097862254,0.5086287113362208,2.423817247888234
0.2892768409253754,1.0,0.9003754891117349,1.7661566381020086
0.9323369440660079,0.7521448814517793,1.1896523300371102,2.7661566381020086
0.6915220318896022,0.4086344804757439,2.121989274103118,3.5183015195537877
0.7732941128523203,0.3595029600799561,2.81351130599272,3.9269360000295315
-0.1541444396971774,0.5176172153968894,3.5868054188450404,4.286438960109487
0.3950106836110653,1.0,3.432660979147863,4.804056175506377
0.5011749151214965,0.08193227779539192,3.748669526036715,5.6040561755063765
0.0,-0.34510811262473595,0.0,0.0
-0.6765614627166296,0.20536872408544948,0.0,0.0
0.18057470186052094,0.31495777426520344,0.0,0.20536872408544948
0.315718805957093,-0.4088369954043889,0.18057470186052094,0.5203264983506529
0.0,0.5257151102584754,0.49629350781761394,0.11148950294626403
0.24482371258347924,0.9000357749704904,0.49629350781761394,0.6372046132047394
0.21088622694863352,-0.8937469183492281,0.7411172204010932,1.53724038817523
-0.14976843499953818,0.10464135057469626,0.9520034473497268,0.6434934698260018
0.7078147815299747,0.0,0.8022350123501886,0.748134820400698
0.4533110444715399,-0.17813950005741896,1.5100497938801634,0.748134820400698
0.0,0.6711935606118331,1.9633608383517034,0.569995320343279
0.5665457640578444,0.0,1.9633608383517034,1.2411888809551122
0.9538059044419909,0.7157911935926566,0.0,0.0
0.7904401636875928,-0.6359356379671273,0.9538059044419909,0.7157911935926566
0.8324683591863437,0.4572417302959391,1.7442460681295837,0.07985555562552937
0.4959634668347487,0.65572735964154,2.5767144273159275,0.5370972859214684
0.6445790070963702,0.5120907618920941,3.0726778941506763,1.1928246455630085
1.0,-0.33484871332403876,3.7172569012470467,1.7049154074551027
-0.3199197733391568,-0.11323411401554073,4.717256901247047,1.370066694131064
-0.1163359717247805,0.1634403916990842,4.39733712790789,1.2568325801155233
0.0,0.3441470637694498,4.281001156183109,1.4202729718146077
-0.644394697961366,0.4899121636803669,4.281001156183109,1.7644200355840574
0.7899135021610796,-0.7030975665307773,3.6366064582217428,2.2543321992644243
0.4761269380143227,0.6241447829044181,4.426519960382822,1.551234632733647
0.34305234814608343,0.0,0.0,0.0
0.8752311498484739,0.5679227590956408,0.34305234814608343,0.0
-0.7933756797976161,-0.5566769082329495,1.2182834979945574,0.5679227590956408
0.1300573357435953,-0.6631548789892117,0.42490781819694123,0.011245850862691364
0.3597116582196158,0.01857042579731405,0.5549651539405365,0.0
1.0,-0.23011917168138596,0.9146768121601523,0.01857042579731405
0.17720769267151693,-0.8309737820274383,1.9146768121601523,0.0
-0.7614589316304479,0.0,2.091884504831669,0.0
0.3116448720355905,-0.06720265110139112,1.3304255732012213,0.0
0.1684059508861983,0.0,1.6420704452368118,0.0
0.9835166522997103,0.49944058552563425,1.8104763961230101,0.0
-0.1536854952829213,-0.016698915721914287,2.7939930484227204,0.49944058552563425
0.7746126497650544,0.5281405153930566,0.0,0.0
-0.8004050113959471,0.19395878597756394,0.7746126497650544,0.5281405153930566
0.26648749302190783,0.7346935406597743,0.0,0.7220993013706205
0.6754489617438566,0.6272883327249321,0.26648749302190783,1.4567928420303948
-0.5068221026938422,0.8606313601755293,0.9419364547657645,2.084081174755327
0.4698485428925271,-0.1825412272971263,0.4351143520719223,2.944712534930856
0.3835939855439091,-0.11942410128665326,0.9049628949644494,2.7621713076337295
0.3481790956594877,0.6277235334745641,1.2885568805083585,2.6427472063470763
0.14441511284420555,0.045727123223225086,1.6367359761678462,3.2704707398216404
0.38494195465518,0.0,1.7811510890120517,3.3161978630448656
0.5668596811993709,0.0,2.1660930436672317,3.3161978630448656
0.6286922726496159,0.6923149838215409,2.7329527248666023,3.3161978630448656
-0.18723226821615002,-0.15569366201594814,0.0,0.0
0.3228324933471455,0.5277047254147923,0.0,0.0
0.25607457598128736,0.5526737315592564,0.3228324933471455,0.5277047254147923
0.1615050818260863,0.0,0.5789070693284328,1.0803784569740487
0.18450328306314207,0.8842600158173564,0.7404121511545192,1.0803784569740487
0.0,0.49305785899845817,0.9249154342176613,1.964638472791405
0.77310573278518,0.6335129299945903,0.9249154342176613,2.457696331789863
-0.017829019522193512,0.47346486951029043,1.6980211670028413,3.0912092617844533
0.0,0.7234680249519099,1.6801921474806478,3.5646741312947436
0.827518095331996,0.12045729338013067,1.6801921474806478,4.2881421562466535
0.7272462016645131,0.672624548406686,2.507710242812644,4.408599449626784
0.9617022512956882,0.17111311723060096,3.2349564444771572,5.081223998033471
1.0,0.0,0.0,0.0
0.44473690197839666,1.0,1.0,0.0
0.0,0.0,1.4447369019783967,1.0
0.705914805392889,0.7537732813522109,1.4447369019783967,1.0
0.0,0.21843599889160392,2.150651707371286,1.7537732813522109
0.8376652586182121,0.12806184829573586,2.150651707371286,1.9722092802438147
0.4639130070684181,-0.5053647064988709,2.988316965989498,2.100271128539551
0.6096080670083334,0.5613801674045168,3.452229973057916,1.59490642204068
0.2867704578299855,0.35573666354028194,4.06183804006625,2.156286589445197
0.9318377885009443,0.8246306702208683,4.348608497896235,2.512023252985479
0.0,-0.006410724857460082,5.280446286397179,3.336653923206347
0.05346029410482517,0.14271747264553225,5.280446286397179,3.331525343320379
0.5925124538140051,0.3361942675475208,0.0,0.0
0.3381111577156247,0.7832880690229946,0.5925124538140051,0.3361942675475208
0.5619391508843428,0.6774059168890163,0.9306236115296298,1.1194823365705155
-0.2097271863559238,0.6760932739194867,1.4925627624139726,1.7968882534595318
0.8060836376899778,0.17929861848229578,1.2828355760580488,2.4729815273790186
0.045856444191065604,0.9432480887838699,2.0889192137480266,2.6522801458613143
-0.41171058948597805,0.9567072168311542,2.134775657939092,3.595528234645184
0.41081789999783097,0.9031874028185451,1.723065068453114,4.552235451476339
0.44022553083272986,0.0,2.133882968450945,5.455422854294884
0.21329278264905144,0.23384859616865405,2.5741084992836747,5.455422854294884
0.41242057866723864,0.5462850640390564,2.787401281932726,5.689271450463538
0.5296166766789063,0.5356177811578355,3.1998218605999647,6.235556514502594
0.4794467319719456,-0.6627133306204056,0.0,0.0
0.47537643641788185,0.3211554777208434,0.4794467319719456,0.0
0.3352591946479293,0.7116908247154038,0.9548231683898274,0.3211554777208434
0.8045477386186308,0.0029335837143089627,1.2900823630377567,1.0328463024362473
0.23205807412250196,0.19810722257274938,2.0946301016563877,1.0357798861505563
0.5487818711846483,0.0,2.3266881757788895,1.2338871087233056
0.8090690456730119,0.3510674084523021,2.875470046963538,1.2338871087233056
0.19506042683254848,0.3237808416405926,3.68453909263655,1.5849545171756079
0.7491067683043067,0.4332236011321858,3.8795995194690986,1.9087353588162004
-0.8640613730188782,0.6980862211246279,4.628706287773405,2.341958959948386
0.3343411658675163,0.9796286705364586,3.764644914754527,3.040045181073014
0.0,0.0,4.098986080622043,4.019673851609473
0.425353562195215,-0.014681942983286733,0.0,0.0
0.0,0.14728488413483903,0.425353562195215,0.0
0.621459073421797,0.7881840528125137,0.425353562195215,0.14728488413483903
0.0,0.62848131258184,1.046812635617012,0.9354689369473528
-0.0032753130818143905,0.434454162796775,1.046812635617012,1.5639502495291928
0.5763424976071634,0.509566113712326,1.0435373225351976,1.9984044123259679
-0.16874502315139805,0.47064965487481036,1.619879820142361,2.507970526038294
-0.20622450553458593,0.6002369193493466,1.451134796990963,2.9786201809131043
-0.9638731310495157,1.0,1.244910291456377,3.578857100262451
0.8345666588260912,0.8586750741617185,0.28103716040686133,4.578857100262451
-0.22764910430021512,0.909109654443486,1.1156038192329525,5.437532174424169
0.0,0.0,0.8879547149327374,6.346641828867655
0.08393067757564104,0.8594782805266465,0.0,0.0
-0.09149411716947742,0.0,0.08393067757564104,0.8594782805266465
0.25431038853496424,0.0,0.0,0.8594782805266465
0.7289529693419158,0.2042575887852487,0.25431038853496424,0.8594782805266465
0.2994350056720863,-0.344506773317522,0.98326335787688,1.0637358693118952
0.33493056278493705,0.3369798417434006,1.2826983635489664,0.7192290959943732
0.0,0.8922050625273146,1.6176289263339034,1.056208937737774
0.5341462736485505,0.4455243247181165,1.6176289263339034,1.9484140002650885
0.39873863170410173,0.0,2.151775199982454,2.393938324983205
0.6561873292611999,0.09214993711848624,2.5505138316865557,2.393938324983205
0.4822126215295552,0.8524170495844503,3.2067011609477554,2.4860882621016915
0.4758272499851486,0.0,3.6889137824773104,3.338505311686142
0.36306588556281183,0.4185149061557367,0.0,0.0
0.6008189721256328,0.0,0.36306588556281183,0.4185149061557367
0.0,-0.008742079882114617,0.9638848576884447,0.4185149061557367
0.8225883649470986,0.2950109702027184,0.9638848576884447,0.4097728262736221
0.43926903014973573,0.0,1.7864732226355433,0.7047837964763405
0.9363771155798614,0.5553900618317846,2.2257422527852793,0.7047837964763405
0.4749536264387148,0.5579066241928294,3.1621193683651407,1.260173858308125
0.5903137904294802,0.04523931215241683,3.6370729948038556,1.8180804825009544
0.5672741971371758,0.5802721201451391,4.227386785233335,1.8633197946533713
0.6251385748387861,1.0,4.794660982370511,2.4435919147985103
0.4662056478802095,0.7501870035653302,5.419799557209297,3.4435919147985103
0.8564178342553995,-0.0661207558272292,5.792764075513464,4.0437415176507745
0.7142018603049531,0.4446102537194838,0.0,0.0
0.21995353789981736,1.0,0.7142018603049531,0.4446102537194838
-0.6193485193814294,0.9608860268039583,0.9341553982047706,1.4446102537194838
0.34440725960649426,0.8704421906145252,0.31480687882334113,2.405496280523442
-0.8706546240002868,0.0,0.6592141384298353,3.2759384711379673
0.40955448105073844,0.5155849292712584,0.0,3.2759384711379673
0.0,0.11018175854401224,0.40955448105073844,3.7915234004092255
0.8478394716656956,0.0,0.40955448105073844,3.901705158953238
-0.13293922803825242,0.20201109755259838,1.2573939527164342,3.901705158953238
-0.8216748004970089,-0.24061328951723815,1.1244547246781817,4.1037162565058365
0.2835138522584907,0.7726577187520163,0.30277992418117283,3.863102966988598
0.48846512793132163,-0.8582903885085729,0.5862937764396635,4.635760685740614
-0.13980205409203617,0.4999212828348331,0.0,0.0
0.4823289541642308,0.2724030321348958,0.0,0.4999212828348331
0.4794628767049986,0.46372563071757555,0.4823289541642308,0.772324314969729
0.2701497248351843,0.6067446391185206,0.9617918308692295,1.2360499456873044
-0.4662424147695521,0.3957886409015301,1.2319415557044138,1.8427945848058251
0.4205628070943821,0.2285160829099921,0.7656991409348617,2.2385832257073552
0.2947526319407088,-0.6144158915756266,1.1862619480292438,2.4670993086173474
0.541441560157695,0.1990816190873715,1.4810145799699526,1.8526834170417208
0.8989945572981546,0.4778947021691471,2.0224561401276473,2.0517650361290922
-0.2534200326653162,0.0,2.9214506974258017,2.529659738298239
0.5670299403238497,0.9752865935648292,2.6680306647604857,2.529659738298239
0.6181777667410396,0.25048938808166155,3.2350606050843354,3.504946331863068
-0.16651738483405265,0.7781618195064286,0.0,0.0
1.0,-0.7130034853801384,0.0,0.7781618195064286
0.23875814927075645,1.0,1.0,0.06515833412629024
0.0,0.7825945788933109,1.2387581492707564,1.0651583341262902
0.07802044194274604,0.3927937896515554,1.2387581492707564,1.847752913019601
0.5449167808629672,0.2913253461605966,1.3167785912135024,2.2405467026711565
0.19013564788093062,0.6289431124181012,1.8616953720764697,2.531872048831753
0.2917843222040133,0.726865439617205,2.0518310199574,3.1608151612498543
0.5243395124818379,0.6167863322953013,2.3436153421614137,3.8876806008670592
0.5518657475412982,0.8630732233220106,2.8679548546432514,4.504466933162361
0.4043636096552424,0.0,3.41982060218455,5.367540156484371
0.752443957416171,0.0,3.7433114899087436,5.367540156484371
0.5019342830944604,0.3854999748871325,0.0,0.0
0.0,0.0,0.5019342830944604,0.3854999748871325
-0.8297903463049572,-0.11328364330218299,0.5019342830944604,0.3854999748871325
0.7729868733297449,0.9063319628015127,0.0,0.2722163315849495
0.5984343015037321,0.6290978514471923,0.7729868733297449,1.1785482943864622
0.8929658814866912,1.0,1.371421174833477,1.8076461458336546
0.6724209883410976,-0.12755193564543843,2.2643870563201682,2.8076461458336546
0.3667952603015318,0.1347002910814456,2.936808044661266,2.680094210188216
-0.9489880856360757,0.6117662087065093,3.3036033049627975,2.814794501269662
0.6824775183040386,0.5841332623001338,2.354615219326722,3.426560709976171
0.4595619109597899,0.0,3.0370927376307604,4.010693972276305
0.533244130304682,0.0,3.49665464859055,4.010693972276305
0.36610881612447677,0.34132604616180884,0.0,0.0
0.5872338659035715,0.46056001466590907,0.36610881612447677,0.34132604616180884
0.4198150967378744,0.35178049764948416,0.9533426820280483,0.8018860608277179
0.7661460640648095,0.9681611940535209,1.3731577787659228,1.1536665584772021
0.6689368608283415,0.6935232050816962,2.1393038428307323,2.1218277525307228
-0.8980527730285843,0.22265654647718552,2.8082407036590737,2.815350957612419
0.0,0.46453853605101014,1.9101879306304894,3.0380075040896046
-0.9171205038002055,0.7384259017663966,1.9101879306304894,3.502546040140615
0.4629501672230629,0.4202030473947854,0.9930674268302839,4.240971941907011
0.8237467154497078,0.19740058643875846,1.4560175940533469,4.661174989301797
-0.005782630638585307,0.8609371213461463,2.2797643095030544,4.858575575740556
0.24629447562075102,0.7482222433187995,2.273981678864469,5.719512697086702
0.6908314132524884,0.7597665341950559,0.0,0.0
0.5208474537156784,0.15997332245177653,0.6908314132524884,0.7597665341950559
0.4759589187370021,0.11752489150922046,1.2116788669681668,0.9197398566468324
0.43109521485343294,0.21520196601639957,1.687637785705169,1.0372647481560529
-0.14246988611985323,1.0,2.118733000558602,1.2524667141724524
-0.3014167194760602,-0.26954990697799786,1.9762631144387486,2.2524667141724524
0.2259578828234018,0.53913522685369,1.6748463949626884,1.9829168071944545
0.45338481234869515,-0.6850553665143149,1.90080427778609,2.5220520340481443
-0.20978316076827497,0.1151250378661886,2.3541890901347853,1.8369966675338294
0.7712758932002968,0.38824982566915667,2.1444059293665103,1.952121705400018
0.5097238126421604,0.0,2.915681822566807,2.3403715310691746
-0.47649295618802356,0.9994248846352436,3.4254056352089672,2.3403715310691746
1.0,-0.5648834343778162,0.0,0.0
0.9923004830496684,0.6495347884662281,1.0,0.0
0.6153687355340809,0.522023068247294,1.9923004830496684,0.6495347884662281
-0.35810223165552446,0.1305951739008644,2.6076692185837493,1.1715578567135223
0.13428340553116813,0.12903094888454875,2.249566986928225,1.3021530306143867
0.44822092748282183,-0.7525181870544313,2.3838503924593932,1.4311839794989354
0.0,0.7955988850279705,2.832071319942215,0.6786657924445041
0.9394600522672802,0.0,2.832071319942215,1.4742646774724746
0.1092573808191637,0.2157339546230766,3.771531372209495,1.4742646774724746
0.11493529768281885,0.0,3.880788753028659,1.6899986320955511
0.3296667217023907,0.1846469072283905,3.9957240507114777,1.6899986320955511
0.48599804099547844,-0.706729664188269,4.3253907724138685,1.8746455393239416
-0.1995093557272576,0.9175604161747097,0.0,0.0
0.47905128402159014,0.142812484610294,0.0,0.9175604161747097
0.8817113510496024,0.6263465124296965,0.47905128402159014,1.0603729007850038
0.8901373028475813,0.7885036107441901,1.3607626350711926,1.6867194132147003
0.9883777963082601,0.6545558299858205,2.2508999379187737,2.4752230239588906
0.5810150031518335,0.8419150045210959,3.239277734227034,3.1297788539447113
-0.020576413726950182,-0.4854538193075211,3.8202927373788675,3.971693858465807
-0.19855727236200105,0.17947575088642087,3.7997163236519174,3.486240039158286
0.5277960702157334,-0.7979949610219386,3.6011590512899163,3.6657157900447066
-0.013509958375878539,-0.4435141511718057,4.1289551215056495,2.867720829022768
0.18214812308484707,0.0,4.115445163129771,2.4242066778509623
0.6907682687369159,0.7227330907646485,4.297593286214618,2.4242066778509623
0.6384182875486852,0.47220275766190695,0.0,0.0
0.4886571730355113,1.0,0.6384182875486852,0.47220275766190695
0.6781516639264573,0.5150034673403845,1.1270754605841966,1.472202757661907
0.6137160208121072,0.49659242626622246,1.805227124510654,1.9872062250022915
0.779395643189686,0.0,2.418943145322761,2.483798651268514
0.7383926900908927,-0.7053087544653411,3.198338788512447,2.483798651268514
0.4920651722476689,0.6829922367582504,3.9367314786033396,1.7784898968031728
0.3069504409398862,0.20723105866918734,4.428796650851009,2.4614821335614234
0.3854270496729767,0.39466616503257756,4.735747091790895,2.668713192230611
0.0,0.5420057313963481,5.121174141463872,3.063379357263188
0.0,0.7195221153086444,5.121174141463872,3.605385088659536
0.6752858044711262,0.15674548423879775,5.121174141463872,4.037098357844723
0.0,0.45385148664312847,0.0,0.0
0.0,0.8832725671322808,0.0,0.45385148664312847
0.5604208294994925,0.6410573858163101,0.0,1.3371240537754092
0.6909582606827178,0.32283936348085385,0.5604208294994925,1.9781814395917192
0.0,0.0,1.2513790901822102,2.301020803072573
0.6775217501946593,0.0,1.2513790901822102,2.301020803072573
0.41413268611440707,0.806275794320489,1.9289008403768695,2.301020803072573
0.3272459611896352,-0.11766879358511628,2.3430335264912765,3.107296597393062
0.9230699934443924,0.195710024734791,2.6702794876809115,2.9896278038079456
0.22572225980817529,0.2542241000337195,3.593349481125304,3.1853378285427367
0.7184016845462704,0.8996601513395737,3.819071740933479,3.439561928576456
0.0,0.15945709186847695,4.5374734254797495,4.33922207991603
-0.026939179076611364,0.7282509256939845,0.0,0.0
-0.06041953958303803,0.30127580939056314,0.0,0.7282509256939845
-0.7842479183912792,-0.863213551481768,0.0,1.0295267350845476
0.23698677314785999,0.0,0.0,0.16631318360277958
0.20111910797005317,0.05453155196119036,0.23698677314785999,0.16631318360277958
0.25715967160435654,0.8780782440479888,0.43810588111791315,0.22084473556396994
0.0,-0.11161287991843016,0.6952655527222698,1.0989229796119588
-0.4498719784800369,0.5049859442327201,0.6952655527222698,0.9873100996935287
0.20698396614163062,0.25748551595011027,0.24539357424223285,1.492296043926249
0.4354304253975441,0.0043797452306546525,0.45237754038386346,1.749781559876359
1.0,0.5664020898108727,0.8878079657814075,1.7541613051070137
0.768946481453529,-0.07110128405007732,1.8878079657814075,2.3205633949178863
-0.7165745533811865,0.8426568955159219,0.0,0.0
0.22806988550526308,0.022480290235226963,0.0,0.8426568955159219
0.10897342347132627,0.8820583491934597,0.22806988550526308,0.865137185751149
-0.8983376225497417,-0.3512379215339553,0.33704330897658935,1.7471955349446087
-0.056115035500674315,0.0,0.0,1.3959576134106535
0.8169027403675561,-0.29973054525191944,0.0,1.3959576134106535
0.4968644402848751,0.502083416266769,0.8169027403675561,1.096227068158734
0.7165500689900643,-0.11766575805470825,1.3137671806524311,1.598310484425503
0.6121102194682755,0.5765197633381423,2.0303172496424953,1.4806447263707947
0.6656893536736845,0.2096749951292412,2.6424274691107708,2.0571644897089367
0.5615051428986564,0.493538619753395,3.3081168227844553,2.266839484838178
0.4943568549340093,-0.2514545325963169,3.8696219656831117,2.760378104591573
0.0,1.0,0.0,0.0
0.0,-0.1381069330299034,0.0,1.0
0.4793957541320821,0.2445378144536316,0.0,0.8618930669700966
0.7330454924612696,0.0,0.4793957541320821,1.1064308814237283
-0.6376578304782103,0.15708723323381513,1.2124412465933516,1.1064308814237283
0.5093042203258691,0.4364212679402554,0.5747834161151413,1.2635181146575434
0.6055788190944016,0.35260728892297855,1.0840876364410104,1.6999393825977989
0.05595468336029641,-0.8267705231648592,1.689666455535412,2.052546671520777
0.020559658542280257,1.0,1.7456211388957084,1.225776148355918
0.05605883513481791,0.26783381955171115,1.7661807974379886,2.225776148355918
0.4212876099049734,0.0,1.8222396325728065,2.493609967907629
0.6985828472693569,0.8581074236269484,2.24352724247778,2.493609967907629
-0.4975070341805359,0.5592534370360539,0.0,0.0
-0.679738344217603,0.6342595263886082,0.0,0.5592534370360539
0.8678273340547797,0.9421654455019495,0.0,1.193512963424662
0.45132933991669544,-0.3916552435860421,0.8678273340547797,2.135678408926611
0.6116344997031589,0.7020589648808243,1.319156673971475,1.7440231653405691
0.0,0.7834356328956015,1.930791173674634,2.4460821302213933
1.0,0.325936538550901,1.930791173674634,3.229517763116995
0.914752588623241,0.1605678787974686,2.930791173674634,3.555454301667896
0.761766668857744,0.5336568456448173,3.8455437622978748,3.7160221804653646
0.6571281438453073,-0.5134656112978897,4.607310431155619,4.249679026110182
0.7648314660921244,-0.5929778717550218,4.8701616886937416,4.044292781591026
0.7467322618853813,0.7891260369037274,5.176094275130591,3.8071016328890175
-0.6673699820370478,0.6397820824576106,0.0,0.0
-0.02430441439657738,0.12857327739663704,0.0,0.6397820824576106
0.6773864566256746,0.0,0.0,0.7683553598542476
0.43881003543153685,0.7090958373488736,0.6773864566256746,0.7683553598542476
0.0,0.3415113669479775,1.1161964920572114,1.4774511972031212
0.4265239833810486,0.40962214672370456,1.1161964920572114,1.8189625641510987
0.0,0.7241222682674099,1.54272047543826,2.228584710874803
0.40702392943429233,0.5017089543587149,1.54272047543826,2.952706979142213
0.2622838737143455,-0.23063878352334322,1.9497444048725523,3.454415933500928
0.5421480029611631,0.8375707901608411,2.2120282785868977,3.223777149977585
0.5058842486264625,1.0,2.7541762815480606,4.061347940138426
0.4702582132947312,0.0,3.260060530174523,5.061347940138426
-0.6645456715588889,0.7080494682594076,0.0,0.0
-0.39055864348917124,0.0,0.0,0.7080494682594076
0.7678418216918632,0.827425473514142,0.0,0.7080494682594076
0.8194712341919945,0.7500747947496682,0.7678418216918632,1.5354749417735496
0.176922058369055,0.3179407656339489,1.5873130558838577,2.285549736523218
-0.4347919099881641,0.0,1.7642351142529127,2.603490502157167
0.5550576490165795,0.1570040262236066,1.3294432042647486,2.603490502157167
-0.8624965739070409,-0.17474516945026974,1.884500853281328,2.7604945283807734
0.0,0.6028058824857407,1.0220042793742872,2.585749358930504
0.9828744896939516,0.5776837457880393,1.0220042793742872,3.1885552414162444
0.05077625464284091,-0.6794076749071352,2.004878769068239,3.7662389872042836
0.24850085751408474,0.5005364698132031,2.05565502371108,3.0868313122971482
0.8496755512379346,0.17483044722908692,0.0,0.0
0.8779964909456797,0.39564167306892206,0.8496755512379346,0.17483044722908692
0.9262726250075416,0.4583880162553545,1.7276720421836143,0.570472120298009
0.05298674897147587,0.2651125699089374,2.6539446671911557,1.0288601365533636
0.8099773585089699,0.2832348580590518,2.7069314161626314,1.293972706462301
0.36419400671690094,0.31163720898337266,3.5169087746716015,1.5772075645213528
0.6130260056102705,0.6534558415289285,3.8811027813885026,1.8888447735047253
0.0,1.0,4.494128786998774,2.542300615033654
0.0,0.2380889812004912,4.494128786998774,3.542300615033654
0.633810913335221,-0.3050764339057086,4.494128786998774,3.7327717999940466
-0.607368329239963,-0.3121985169624366,5.00117751766695,3.4887106528694796
0.28296406258841494,-0.9023478426783751,4.636756520122972,3.3013915426920177
0.15457201409050758,0.2526320429490176,0.0,0.0
-0.4336470166186803,0.6079289165034152,0.15457201409050758,0.2526320429490176
0.24590395980028673,0.2785979406790866,0.0,0.8605609594524328
-0.1448660168153868,-0.7918872620089838,0.24590395980028673,1.1391589001315194
0.46147560814921884,-0.7192891019663592,0.10103794298489993,0.3472716381225356
0.5344724921004527,0.37610700285257914,0.5625135511341188,0.0
0.7457523003644043,0.24279205448671654,1.0969860432345715,0.37610700285257914
0.8517266579463643,-0.15513614361022943,1.8427383435989757,0.6188990573392956
0.5385543062539835,0.6494564144702848,2.69446500154534,0.4637629137290662
0.25265332138591884,0.4595020591463555,3.2330193077993234,1.113219328199351
0.5814878319004781,-0.19703373803173707,3.4856726291852422,1.5727213873457064
0.30635787364127565,0.3935394407638758,4.06716046108572,1.3756876493139694
0.11453417503458774,0.1243651906139045,0.0,0.0
0.9863426500330719,0.49053032495341764,0.11453417503458774,0.1243651906139045
0.8696563210727072,-0.4008161214797321,1.1008768250676595,0.6148955155673221
0.6821389546468902,-0.11891196046281904,1.9705331461403666,0.21407939408759002
0.5194537367402163,0.7993336908875402,2.6526721007872567,0.09516743362477098
0.5297976115183435,0.44838874889481994,3.172125837527473,0.8945011245123112
-0.20036579855235082,0.9465659745294879,3.7019234490458164,1.342889873407131
0.0,0.483428576757383,3.5015576504934653,2.289455847936619
-0.9529173438082914,0.0,3.5015576504934653,2.772884424694002
0.0,0.7396217661021651,2.548640306685174,2.772884424694002
0.6311186571692545,0.2512380447828553,2.548640306685174,3.5125061907961674
0.4484616008256996,0.0,3.1797589638544284,3.763744235579023
0.6841618009661318,0.46513739412798794,0.0,0.0
0.0,-0.7845273228932967,0.6841618009661318,0.46513739412798794
0.6120493691908896,0.6138798298515329,0.6841618009661318,0.0
-0.5491074131265445,0.13500530333529753,1.2962111701570214,0.6138798298515329
0.8409430021346762,0.5090734390419374,0.7471037570304768,0.7488851331868305
0.7840248325306706,-0.31725022110837586,1.588046759165153,1.2579585722287678
0.7549499763936185,0.5440214240987243,2.3720715916958235,0.940708351120392
0.1109654992988694,0.295966463838905,3.127021568089442,1.4847297752191162
0.6400118734620914,0.0,3.2379870673883118,1.7806962390580212
0.17637069269226835,0.499032628025804,3.877998940850403,1.7806962390580212
0.8236816003777028,0.14016462679119585,4.054369633542672,2.279728867083825
0.460446705887072,0.39546120841088683,4.878051233920375,2.419893493875021
0.0696160108569206,0.8503241848575371,0.0,0.0
0.0,0.0,0.0696160108569206,0.8503241848575371
0.5438147629543331,0.0,0.0696160108569206,0.8503241848575371
0.3584378395396488,0.20500034439109172,0.6134307738112537,0.8503241848575371
0.20872208948119647,0.0,0.9718686133509025,1.0553245292486289
0.6312820897657013,-0.8899466360685466,1.180590702832099,1.0553245292486289
0.7075638916361818,0.0,1.8118727925978004,0.16537789318008222
-0.9043880858480706,0.30723359672501116,2.519436684233982,0.16537789318008222
0.80193187478859,0.30003270510290014,1.6150485983859115,0.4726114899050934
0.5039426595107372,0.32253446352434634,2.4169804731745015,0.7726441950079935
0.7083647853878385,0.5362133795239361,2.920923132685239,1.09517865853234
0.6070610864552389,0.42225831042628437,3.6292879180730777,1.631392038056276
-0.04381802374041888,0.0,0.0,0.0
0.07664265959572891,0.18027900510973094,0.0,0.0
0.05393490918007671,0.0,0.07664265959572891,0.18027900510973094
0.12071629776620324,-0.17342076910005977,0.13057756877580562,0.18027900510973094
0.5999287361566483,0.15254896043892147,0.25129386654200886,0.00685823600967117
0.4899974355377701,0.33041497923003516,0.8512226026986571,0.15940719644859264
0.7905993725870781,0.5893872769145744,1.3412200382364272,0.4898221756786278
0.08107002095010113,0.7458020777061654,2.131819410823505,1.0792094525932021
0.5880496842420607,-0.36037112176089225,2.2128894317736063,1.8250115302993675
0.2749663629643933,0.6468724443519993,2.800939116015667,1.4646404085384752
0.4949078133280296,0.36200370311546193,3.07590547898006,2.1115128528904745
0.3504722217324333,0.9750282545455858,3.57081329230809,2.4735165560059365
0.60493002943968,0.5053931029503891,0.0,0.0
0.5488921794129892,-0.6634361039083341,0.60493002943968,0.5053931029503891
0.44422032577264187,-0.8759267307389755,1.1538222088526693,0.0
-0.4666019875266516,0.5836005592885711,1.598042534625311,0.0
0.7505634203259866,0.5188285693574802,1.1314405470986595,0.5836005592885711
-0.42218380465659955,0.058203269407107516,1.882003967424646,1.1024291286460515
0.5963343963131595,0.3496268373761746,1.4598201627680465,1.160632398053159
-0.5054882566649428,0.9491201541677182,2.056154559081206,1.5102592354293336
0.6618404047852422,0.810061628266967,1.5506663024162632,2.4593793895970517
0.30441011047253064,-0.1777846545174402,2.2125067072015057,3.2694410178640188
-0.6149015810021006,-0.49032226983176086,2.516916817674036,3.0916563633465786
0.6354987172898281,-0.024729219054494767,1.9020152366719356,2.6013340935148177
0.9104570032823573,0.6296616129340833,0.0,0.0
0.8147701907549696,0.6013542219239529,0.9104570032823573,0.6296616129340833
0.14035307923825457,0.9860375688713924,1.725227194037327,1.2310158348580362
0.258856754608698,0.1516950080600074,1.8655802732755815,2.2170534037294285
0.6882431955829704,0.7747255390852201,2.1244370278842797,2.368748411789436
-0.5360882262278932,0.7982711312995397,2.8126802234672503,3.143473950874656
-0.005333516940936867,0.48784492602382856,2.276591997239357,3.941745082174196
0.30327437741760965,0.32333112294488886,2.27125848029842,4.429590008198025
0.9291252067536726,0.6611269555700455,2.57453285771603,4.752921131142913
-0.4335947755203755,0.9797956059228539,3.503658064469702,5.414048086712959
0.976216997524872,-0.4674964183722181,3.1567822440534017,6.197884571451242
-0.4646157971318534,0.6603256236920922,4.132999241578274,5.730388153079024
1.0,0.2143396556055146,0.0,0.0
0.34872166245711,0.3566698348793441,1.0,0.2143396556055146
0.3524437248090027,0.5601548803680805,1.34872166245711,0.5710094904848587
0.14865304546605101,-0.15669420357124464,1.7011653872661125,1.131164370852939
-0.23021334139372662,0.3643709513456699,1.8498184327321636,0.9744701672816944
0.32362964786322346,0.5067789208304461,1.619605091338437,1.3388411186273643
0.0,0.250944129167613,1.9432347392016605,1.8456200394578104
0.6891363857706414,0.1381096155574017,1.9432347392016605,2.0965641686254233
-0.039858372309322654,0.1505627926788804,2.632371124972302,2.234673784182825
0.0,1.0,2.592512752662979,2.385236576861705
0.8839940748425208,0.747357229298528,2.592512752662979,3.385236576861705
0.6975424132684399,0.4213793742436605,3.4765068275055,4.132593806160233
0.46841017242675115,0.49763266918793114,0.0,0.0
0.30265503808184746,0.0,0.46841017242675115,0.49763266918793114
0.8914864534319558,0.49364115606991366,0.7710652105085987,0.49763266918793114
0.7029114672004921,0.48657366512474376,1.6625516639405544,0.9912738252578448
0.5386128036703468,0.7527183647966642,2.3654631311410466,1.4778474903825884
0.39910497499350306,0.3507039932160635,2.9040759348113934,2.2305658551792527
0.3837916389584113,0.16665391071601837,3.3031809098048965,2.581269848395316
0.42861743475699754,-0.3119139903135113,3.6869725487633076,2.7479237591113344
0.5047379857402855,0.7594892357481485,4.115589983520305,2.436009768797823
0.0,0.14280466597879693,4.6203279692605905,3.1954990045459715
0.6178114490687091,-0.06553989169811303,4.6203279692605905,3.3383036705247684
0.19152859387710341,0.4660920381138713,5.2381394183292995,3.2727637788266555
0.6916161128877187,0.22435708824763462,0.0,0.0
0.0,0.7709813464244173,0.6916161128877187,0.22435708824763462
0.5456043748070737,0.9008293882523785,0.6916161128877187,0.995338434672052
0.6219515803695899,0.17221963055142575,1.2372204876947923,1.8961678229244305
0.9648883904916388,0.32943392143539607,1.8591720680643822,2.0683874534758564
1.0,0.5380757655040637,2.824060458556021,2.3978213749112527
-0.9749261054520162,0.5590177090045372,3.824060458556021,2.9358971404153165
0.32201421512780765,0.4607209221050281,2.849134353104005,3.4949148494198536
0.7048301685972183,0.9238421462452766,3.171148568231813,3.9556357715248818
0.0,0.28788685940474107,3.875978736829031,4.879477917770158
0.26240099430736885,0.1941338596001348,3.875978736829031,5.052210033413003
0.08587422051231441,0.5278455903400806,3.9809391345519787,5.129863577253056
0.7351212450196436,0.5238751597620427,0.0,0.0
0.3247660394566916,0.6854139809743524,0.7351212450196436,0.5238751597620427
0.14345284133196562,-0.09975899169057167,1.0598872844763352,1.209289140736395
0.0,0.7031171845181383,1.2033401258083007,1.1095301490458234
-0.4887425587020662,0.5935845565671712,1.2033401258083007,1.8126473335639617
0.0,0.7531406339356739,0.7145975671062346,2.406231890131133
0.5102596809549823,0.5620663469567521,0.7145975671062346,3.1593725240668067
-0.018717829391312613,0.897887809354067,1.224857248061217,3.7214388710235586
-0.4925198729958329,0.8754290232986364,1.2061394186699044,4.619326680377625
-0.08974447710527889,0.19832218214838976,0.7136195456740715,5.494755703676262
-0.08587718271015377,0.6721446975664904,0.6238750685687926,5.693077885824652
-0.8559451933215143,0.5342682508479188,0.5379978858586388,6.365222583391142
0.004136803257347443,0.5418524160404992,0.0,0.0
0.0,-0.4309550983541879,0.004136803257347443,0.5418524160404992
0.2942966850036218,0.44509223606692294,0.004136803257347443,0.11089731768631128
0.22181014197982818,0.26104952364484874,0.29843348826096927,0.5559895537532342
-0.056543488214318094,0.6447550680737384,0.5202436302407974,0.8170390773980829
0.10629960633320029,0.0,0.46370014202647936,1.4617941454718213
0.31910008084075714,0.45680205311869415,0.5699997483596797,1.4617941454718213
0.23756947145523127,0.9361960369120275,0.8890998292004368,1.9185961985905156
0.9247557050544488,0.5366304412529986,1.126669300655668,2.854792235502543
0.34762836589258894,0.8431190549733102,2.051425005710117,3.3914226767555418
-0.024521281417102303,0.2963258980790835,2.399053371602706,4.234541731728852
0.6110936898523732,0.7412606827342132,2.3745320901856033,4.530867629807935
0.2286738685836358,0.027154604795724513,0.0,0.0
0.3523990962585115,0.5595141615458888,0.2286738685836358,0.027154604795724513
0.17166336664932674,0.13284709517718446,0.5810729648421473,0.5866687663416134
-0.6717225330688614,0.7696918825804169,0.7527363314914741,0.7195158615187978
0.9028490949178778,0.7950094220267501,0.08101379842261269,1.4892077440992146
-0.3147287755318693,0.2763995829172188,0.9838628933404905,2.2842171661259645
-0.05477564519752842,0.6441123111221101,0.6691341178086212,2.5606167490431835
-0.1142444503925607,0.7876228320652452,0.6143584726110928,3.2047290601652936
-0.42373198973429615,0.723976159396704,0.5001140222185321,3.9923518922305385
0.5014978429266077,0.6070890830987941,0.07638203248423592,4.716328051627243
0.8789611416863096,0.886050750905834,0.5778798754108436,5.323417134726037
-0.6050866569055184,0.9306661053868703,1.4568410170971533,6.20946788563187
0.856859835484981,0.10644173924760109,0.0,0.0
0.0,0.34131494625691794,0.856859835484981,0.10644173924760109
0.26969029003501555,0.0,0.856859835484981,0.447756685504519
0.13548151284083632,0.15393055543848733,1.1265501255199966,0.447756685504519
0.0,0.0,1.262031638360833,0.6016872409430063
0.0,0.7316183104253715,1.262031638360833,0.6016872409430063
0.893974216269195,0.7942391954712509,1.262031638360833,1.3333055513683778
0.03361794569558907,0.8602768023264209,2.156005854630028,2.1275447468396287
0.3229762065222118,0.6994779999838785,2.189623800325617,2.98782154916605
-0.9992576365827885,0.18262814223658758,2.512600006847829,3.6872995491499285
0.6551827895557656,0.40481555293529453,1.5133423702650404,3.869927691386516
0.42818447266539117,0.584254067123771,2.168525159820806,4.274743244321811
-0.8613004575435219,0.927261985695881,0.0,0.0
0.5978458186415149,0.5342965521853723,0.0,0.927261985695881
0.1809745900124658,0.839766838154111,0.5978458186415149,1.4615585378812535
0.8570046502423183,1.0,0.7788204086539807,2.3013253760353645
0.3284746796385342,0.6694695016684659,1.635825058896299,3.3013253760353645
0.6912404517415897,0.3092591979280197,1.9642997385348333,3.97079487770383
0.16334645332536812,0.5480720324302728,2.655540190276423,4.28005407563185
0.8356637253750543,0.24018245748804956,2.818886643601791,4.828126108062123
0.5757660474539217,0.8044054317713709,3.654550368976845,5.068308565550172
0.46123011023972044,0.52704401658736,4.000009997449198,5.550951824612994
0.8524037658162809,0.4711364776935131,4.276748063593031,5.867178234565411
0.2006799090618399,0.3999964909969361,4.7881903230828,6.1498601211815185
0.37545279933699466,0.7759157635769582,0.0,0.0
0.7339895154089016,0.6256122989417301,0.37545279933699466,0.7759157635769582
0.0,0.9057107350573579,1.1094423147458963,1.4015280625186883
0.4672970472716321,0.7184714206302498,1.1094423147458963,2.307238797576046
0.6895903857470714,0.22741140499108653,1.5767393620175283,3.025710218206296
-0.01873189334433456,0.719689467900549,2.2663297477646,3.2531216231973823
0.0,0.9745814925548664,2.247597854420265,3.972811091097931
0.0,0.47641541437175405,2.247597854420265,4.947392583652798
0.3729020833313488,-0.9374138915333614,2.247597854420265,5.423807998024552
0.4709424811269141,0.31065903949123375,2.620499937751614,4.486394106491191
-0.4700767605853331,0.36825963705830034,3.091442418878528,4.797053145982424
-0.6204620343562797,0.4918227726162323,2.621365658293195,5.165312783040725
0.1123627213055064,0.8705452906734699,0.0,0.0
0.008785339407868742,-0.04160398082951744,0.1123627213055064,0.8705452906734699
0.16955034282263376,-0.02491247943842101,0.12114806071337514,0.8289413098439524
0.0,0.7283878774787464,0.2906984035360089,0.8040288304055314
0.2830584159999745,0.9015730259483715,0.2906984035360089,1.5324167078842779
-0.35778495699551893,0.22614440337264208,0.5737568195359835,2.4339897338326493
-0.557703405305414,0.6103365284255473,0.21597186254046452,2.6601341372052913
0.9085407716492185,0.0,0.0,3.270470665630839
0.0,0.7873770869364833,0.9085407716492185,3.270470665630839
0.002328414489941144,0.6974868544268341,0.9085407716492185,4.057847752567322
0.593548850882211,0.4313727874923901,0.9108691861391597,4.755334606994156
1.0,0.8433056107381836,1.5044180370213707,5.186707394486546
0.6250686595405721,1.0,0.0,0.0
0.0,-0.18198315893725026,0.6250686595405721,1.0
0.565320535500469,-0.19131882859898686,0.6250686595405721,0.8180168410627497
1.0,0.429451144674233,1.1903891950410412,0.6266980124637629
0.8158091041444451,0.062098473699573054,2.1903891950410412,1.056149157137996
0.24196977584663493,0.5157317198985392,3.0061982991854865,1.118247630837569
0.2694723428154909,0.3777875370027691,3.2481680750321216,1.6339793507361082
-0.3848647691095246,0.9963260722451688,3.5176404178476126,2.0117668877388772
-0.0671513601532795,0.8721247683429609,3.132775648738088,3.008092959984046
0.7272693347538051,0.14078846442598686,3.065624288584808,3.8802177283270067
0.16326173174596031,0.6102562169986184,3.792893623338613,4.021006192752994
-0.356483192858454,0.2652286330224888,3.956155355084573,4.631262409751613
-0.7455877171325667,0.32427886958590174,0.0,0.0
0.32925339052688174,0.0,0.0,0.32427886958590174
0.05941031719080386,0.9943090364532039,0.32925339052688174,0.32427886958590174
0.38469482941376326,0.42823834899191915,0.3886637077176856,1.3185879060391057
-0.2791082500673965,-0.1294215752111857,0.7733585371314489,1.7468262550310247
0.3941616273308818,0.0,0.4942502870640524,1.6174046798198392
0.1790580807943844,-0.47705115102467377,0.8884119143949342,1.6174046798198392
0.033834899128135976,0.0,1.0674699951893185,1.1403535287951654
0.0,0.7706903028461904,1.1013048943174546,1.1403535287951654
0.0833342505401915,0.11582417377204451,1.1013048943174546,1.9110438316413558
0.27122086589916283,0.12550832362241682,1.184639144857646,2.0268680054134003
0.7376873225089519,0.6644345266219925,1.455860010756809,2.152376329035817
0.3234516551221057,0.47436526541261465,0.0,0.0
0.4491221378427881,0.7110860888445428,0.3234516551221057,0.47436526541261465
0.0,-0.5787002449965053,0.7725737929648938,1.1854513542571574
0.6657109712745012,-0.4790228763886686,0.7725737929648938,0.6067511092606521
-0.005555105815518879,0.036036398872049014,1.438284764239395,0.12772823287198354
0.4662437502368242,-0.6167513543119547,1.432729658423876,0.16376463174403255
0.0,0.5069528270419119,1.8989734086607002,0.0
0.29681355259035835,0.7306899315808747,1.8989734086607002,0.5069528270419119
0.7449366460902977,0.02580563666307234,2.1957869612510583,1.2376427586227865
0.6727010416718741,0.6132288566912406,2.940723607341356,1.2634483952858588
-0.11049737663332992,0.9561379107301899,3.61342464901323,1.8766772519770996
-0.6076415809577231,0.5569593141818632,3.5029272723799,2.8328151627072895
0.5050163668327962,0.6531392274348541,0.0,0.0
-0.15451925202764416,0.0,0.5050163668327962,0.6531392274348541
0.6087040856925447,0.0,0.350497114805152,0.6531392274348541
0.6355674765679364,-0.15622593150357234,0.9592012004976967,0.6531392274348541
0.1004633238657649,0.2916522498592996,1.594768677065633,0.49691329593128175
0.584962720268566,-0.8142257030144038,1.695232000931398,0.7885655457905814
0.0,0.0,2.280194721199964,0.0
-0.8996058659440549,0.29142375775178847,2.280194721199964,0.0
0.7271974734499178,0.9260100136434786,1.3805888552559091,0.29142375775178847
0.3320672736995025,0.23538452903949802,2.107786328705827,1.217433771395267
0.7547306045537978,-0.8375094358482793,2.4398536024053294,1.452818300434765
-0.6981080016315035,0.9805987713711231,3.194584206959127,0.6153088645864857
